problemID,response
1,"{
  ""step_1"": ""The decision reason evaluates lotteries based on their maximum and minimum outcomes. For Lottery A: the maximum outcome is 2500 Euros, and the minimum outcome is 0 Euros. For Lottery B: the maximum outcome is 2400 Euros, and the minimum outcome is 2400 Euros. The reason prefers the lottery with the more favorable maximum outcome; if maximum outcomes are equal, it then considers the minimum outcome. In this case, Lottery A has a higher maximum outcome (2500 > 2400), so the reason would prefer A based on the maximum outcome alone. The reason does not consider probabilities directly, only the outcomes themselves. Therefore, the decision reason can be applied to this decision problem, and it would lead to a preference for Lottery A due to its higher maximum outcome."",
  ""step_2"": ""The individual considered the outcomes and probabilities of the lotteries. They mention having 'ergebnisse durchgegangen' (gone through the results), indicating a review of the possible outcomes. The justification for choosing Lottery B is based on the probability of winning: 'da 100 prozentige Chance auf gewinn bei A nur 99 prozentige Chance' (because B has a 100% chance of winning, while A has only a 99% chance of winning). The individual focuses on the probability of receiving any positive outcome (i.e., not getting 0 Euros), which is 99% for A and 100% for B. The individual explicitly compares the probabilities of winning (i.e., avoiding the 0 Euro outcome), and this comparison drives their choice. No mention is made of the maximum or minimum outcomes of the lotteries, nor is there any reference to the 2500 Euro outcome being more favorable. The deliberation centers entirely on the likelihood of receiving a non-zero payoff."",
  ""step_3"": ""First, comparing the information relevant to the decision reason: the reason relies on the maximum and minimum outcomes. The individual did not consider or mention these outcomes at all. Instead, they focused on the probability of winning (i.e., avoiding the 0 Euro outcome), which is not part of the decision reason. Second, comparing the decision rule to the justification: the reason prefers the lottery with the higher maximum outcome (A), but the individual chose B because of a higher probability of a positive outcome. The individual's justification is based on a probability-based reasoning (100% vs 99% chance of winning), which contradicts the decision reason's rule. Therefore, the individual did not use the specified decision reason. The decision reason is not reflected in the information considered or in the justification provided."",
  ""final_assessment_score"": 0
}"
2,"{
  ""step_1"": ""The decision reason is applicable to the decision problem. The lotteries have distinct outcomes: Lottery A offers a maximum outcome of 2400 Euros and a minimum of 0 Euros; Lottery B offers a maximum outcome of 2500 Euros and a minimum of 0 Euros. The reason evaluates the maximum and minimum outcomes, with a preference for the more favorable maximum outcome (if different), or the more favorable minimum outcome (if maximums are equal). In this case, the maximum outcome of Lottery B (2500) is higher than that of Lottery A (2400), so the reason would prefer Lottery B based on maximum outcome alone. The minimum outcomes are identical (0), so they do not influence the decision under this reason."",
  ""step_2"": ""The individual considered the probabilities of winning in their deliberation. They mention having gone through the results and explicitly state they chose Lottery A because it has a higher probability of winning. The key factor emphasized in the justification is the higher probability of winning (34% for A vs. 33% for B), which aligns with the individual’s focus on likelihood rather than outcome magnitudes. The individual does not mention the actual monetary amounts, nor do they compare maximum or minimum outcomes. Their reasoning centers solely on the probability of receiving a positive outcome."",
  ""step_3"": ""The decision reason evaluates outcomes—specifically the maximum and minimum outcomes—and prefers the lottery with the more favorable maximum outcome (or minimum if maximums are equal). In this case, the reason would favor Lottery B due to its higher maximum outcome (2500 > 2400). However, the individual’s justification focuses exclusively on the higher probability of winning (34% vs. 33%), not on the outcome values. The information considered by the individual (probabilities) does not match the information central to the decision reason (outcomes). Furthermore, the individual’s justification does not reference the maximum or minimum outcomes, nor does it weigh them in the decision. Therefore, the decision reason was not used. The individual relied on a different criterion—probability of winning—rather than the outcome-based rule specified in the reason."",
  ""final_assessment_score"": 0
}"
3,"{
  ""step_1"": ""The decision reason can be applied to the decision problem. The lotteries have distinct outcomes: Lottery A has a maximum outcome of 4000 Euros and a minimum of 0 Euros; Lottery B has a maximum outcome of 3000 Euros and a minimum of 3000 Euros. The reason evaluates the maximum and, if tied, the minimum outcomes. The maximum outcome of A (4000) is more favorable than B's (3000), so according to the reason, A would be preferred. However, if the individual prioritizes the maximum outcome, they should prefer A, but the reason also allows for consideration of the minimum outcome in case of a tie in maximums. Here, the maximums differ, so the minimum outcome is not relevant. Thus, the reason clearly favors A over B based on the maximum outcome."",
  ""step_2"": ""The individual considered the outcomes and probabilities of the lotteries. They mention 'Ergebnisse durchgegangen' (went through the results), indicating deliberation. The justification for the choice is explicitly stated: 'Für B entschieden, da 100 prozentige chance zu gewinnen' (Chose B because of 100% chance to win). This shows that the individual focused on the certainty of winning (i.e., the 100% probability of receiving 3000 Euros) rather than the higher potential outcome of 4000 Euros in A. The individual did not mention the maximum or minimum outcomes as criteria for choice, nor did they compare the magnitude of outcomes. Instead, the key factor was the certainty of receiving any positive amount."",
  ""step_3"": ""The decision reason requires evaluation based on the maximum and, if tied, the minimum outcome. The individual did not refer to either the maximum or minimum outcomes as a basis for choice. Instead, their justification was based on the probability of winning (100% for B), which is not part of the decision reason. The reason would favor A due to its higher maximum outcome, but the individual chose B based on certainty, which contradicts the reason's rule. Therefore, the individual did not use the specified decision reason. The justification is based on a different criterion (certainty of outcome), not on outcome magnitudes. There is no evidence that the individual considered the maximum or minimum outcomes as decisive factors. Hence, the decision reason was not used."",
  ""final_assessment_score"": 0
}"
4,"{
  ""step_1"": ""The decision reason evaluates lotteries based on their outcomes, specifically comparing the maximum and minimum outcomes. For Lottery A: maximum outcome is 4000 Euros, minimum is 0 Euros. For Lottery B: maximum outcome is 3000 Euros, minimum is 0 Euros. The maximum outcome of A (4000) is more favorable than that of B (3000). The minimum outcomes are identical (0). Therefore, the decision reason would prefer Lottery A because it has a more favorable maximum outcome. This reason is applicable to the decision problem, as all relevant information (outcomes and their values) is available and comparable."",
  ""step_2"": ""The individual considered the outcomes of both lotteries ('verschiedene Ergebnisse angesehen'). The justification for the choice is that they chose Lottery A because it offers 'mehr gewinn' (more winnings) compared to B. The individual also mentions a 'minimaler prozentualer Wahrscheinlichkeitsunterschied' (minimal percentage difference in probability). This indicates that the individual weighed the outcomes and the probability differences, but the primary basis for the decision appears to be the higher potential gain (more winnings), which aligns with the maximum outcome. The mention of probability difference suggests some consideration of probabilities, but the emphasis is on the higher maximum outcome."",
  ""step_3"": ""The decision reason focuses on the maximum outcome (and minimum if maxima are equal) to determine preference. The individual prioritized the higher maximum outcome (4000 vs. 3000), explicitly stating 'mehr gewinn' as the reason. Although the individual also referenced a small probability difference, the core justification is aligned with the decision reason: preferring the lottery with the more favorable maximum outcome. The information considered (maximum outcomes) matches the decision reason's criteria, and the justification matches the rule. Therefore, the individual used the decision reason. However, the mention of probability difference introduces a minor ambiguity, but it does not override the central reasoning based on the maximum outcome. The decision reason is still the dominant factor in the justification."",
  ""final_assessment_score"": 90
}"
5,"{
  ""step_1"": ""The decision reason is applicable to the decision problem because it involves comparing the outcomes and their probabilities of two lotteries. The relevant information includes: Lottery A has a maximum outcome of 6000 Euros and a minimum outcome of 0 Euros; Lottery B has a maximum outcome of 3000 Euros and a minimum outcome of 0 Euros. The reason evaluates the maximum outcomes first: 6000 > 3000, so Lottery A would be preferred under this rule. If maximum outcomes were equal, the minimum outcomes would be compared, but here they are both 0, so that part is irrelevant. Thus, the reason would prefer Lottery A based on the more favorable maximum outcome."",
  ""step_2"": ""The individual considered the outcomes of the lotteries and focused on the probability of winning. Specifically, the individual stated: 'verschiedene Ergebnisse angesehen' (looked at different outcomes) and 'Für B entschieden da Chance für gewinn höher' (chose B because the chance of winning is higher). This indicates that the individual evaluated the probabilities of obtaining a positive outcome (i.e., non-zero payoff) and found that Lottery B has a higher probability of yielding a win (90% vs. 45%). The justification centers on the higher chance of winning, which reflects a focus on the probability of a positive outcome rather than the magnitude of the maximum or minimum outcomes."",
  ""step_3"": ""First, comparing the information relevant to the decision reason: the reason focuses on the maximum outcome (and, if tied, the minimum outcome). The individual did consider the outcomes (as noted in 'verschiedene Ergebnisse angesehen'), but their justification did not reference the maximum or minimum outcomes. Instead, they emphasized the higher probability of winning, which is not part of the decision reason's rule. Second, comparing the decision rule to the justification: the reason would prefer Lottery A due to its higher maximum outcome (6000 > 3000), but the individual chose Lottery B based on a higher chance of winning. This indicates a different decision criterion—likely one focused on probability of gain rather than magnitude of best/worst outcomes. Therefore, the decision reason was not used by the individual. The individual’s reasoning is inconsistent with the rule of the decision reason, which prioritizes outcome magnitude over probability of winning."",
  ""final_assessment_score"": 0
}"
6,"{
  ""step_1"": ""The decision reason evaluates lotteries based on their outcomes, specifically comparing the maximum and minimum outcomes. For Lottery A: maximum outcome is 3000 Euros, minimum is 0 Euros. For Lottery B: maximum outcome is 6000 Euros, minimum is 0 Euros. The maximum outcome of B (6000) is more favorable than that of A (3000). The minimum outcomes are identical (0 Euros). Therefore, according to the decision reason, B should be preferred due to its more favorable maximum outcome. The reason is applicable to this decision problem, as the relevant outcomes (max and min) are clearly defined and can be compared."",
  ""step_2"": ""The individual considered and compared the results of the two lotteries. They mention that they decided for Lottery B. The justification provided is that there is only a 'small percentage difference' in the probabilities. Specifically, they note that B has a 0.1% chance (vs. 0.2% for A), which is a smaller probability, yet they still chose B. The individual focuses on the probability difference, stating it is small, but does not mention the outcomes (3000 vs. 6000) or the magnitude of the prize. The deliberation centers on the probability aspect, not the outcomes. There is no reference to maximum or minimum outcomes, nor to their relative favorability."",
  ""step_3"": ""The decision reason requires evaluation based on the maximum and minimum outcomes, with preference for the more favorable maximum (or minimum if maxima are equal). The individual, however, focused solely on the probability difference, stating it was small, and did not mention the outcomes at all. The information considered by the individual (probabilities) does not align with the information required by the decision reason (outcomes). Furthermore, the justification provided (small difference in probabilities) does not match the rule of the decision reason, which is based on outcome comparison. Therefore, the individual did not use the decision reason to make the choice. The reasoning process described is inconsistent with the decision reason's logic."",
  ""final_assessment_score"": 0
}"
7,"{
  ""step_1"": ""The decision reason evaluates lotteries based on their outcomes, specifically comparing the maximum and minimum outcomes. For Lottery A: the outcome is deterministic at -3000 Euros (so maximum = -3000, minimum = -3000). For Lottery B: outcomes are -4000 Euros (80% probability) and 0 Euros (20% probability), so maximum = 0, minimum = -4000. The reason prefers the lottery with the more favorable (i.e., higher) maximum outcome. Since 0 > -3000, Lottery B has a more favorable maximum outcome. If maximum outcomes were equal, the reason would compare minimum outcomes. Thus, the reason would prefer Lottery B. The information needed to apply the reason (outcomes and their extremes) is fully available from the lotteries."",
  ""step_2"": ""The individual considered the 'verschiedene Gewinnchancen' (different chances of winning), indicating attention to probabilities. The justification for choosing Lottery A is that 'der Verlust geringer wahrscheinlich' (the loss is less likely). This suggests the individual focused on the probability of avoiding a loss. Specifically, in Lottery A, there is no chance of loss (since the outcome is always -3000), but in Lottery B, there is an 80% chance of a larger loss (-4000). The individual appears to have weighed the likelihood of experiencing a loss, favoring the option with a lower probability of a negative outcome. The deliberation focuses on the probability of loss, not on the maximum or minimum outcomes themselves."",
  ""step_3"": ""The decision reason relies on comparing the maximum and minimum outcomes, with a preference for higher maximum (and, if tied, higher minimum). However, the individual did not mention outcomes or their extremes. Instead, they focused on the probability of a loss, specifically the likelihood of experiencing a larger loss (80% in B vs. 0% in A). This reflects a focus on risk of loss and probability, not on the extremal outcomes as defined by the reason. The reason would favor Lottery B due to its higher maximum outcome (0 > -3000), but the individual chose A, contradicting the reason’s preference. The individual’s justification is based on a different logic (probability of loss) than the reason’s rule (comparison of outcome extremes). Therefore, the decision reason was not used. The individual’s reasoning is inconsistent with the reason’s criteria."",
  ""final_assessment_score"": 0
}"
8,"{
  ""step_1"": ""The decision reason is applicable to the decision problem because it involves comparing the outcomes of two lotteries (A and B) and evaluating their maximum and minimum outcomes. For Lottery A: the maximum outcome is 0 Euros (with 80% probability), and the minimum outcome is -4000 Euros (with 20% probability). For Lottery B: the maximum outcome is 0 Euros (with 75% probability), and the minimum outcome is -3000 Euros (with 25% probability). The reason compares the maximum outcomes first: both lotteries have the same maximum outcome (0 Euros), so it proceeds to compare the minimum outcomes. The minimum outcome of B (-3000) is more favorable (less negative) than that of A (-4000). Therefore, according to the reason, B should be preferred."",
  ""step_2"": ""The individual considered the outcomes and probabilities of both lotteries. They noted that Lottery B has a higher chance of loss (25% vs. 20%) but a smaller loss amount (-3000 vs. -4000). The individual's justification centers on the trade-off between the probability of loss and the magnitude of the loss: despite the higher probability of loss in B, the loss itself is smaller, which led to the choice of B. The deliberation focuses on the size of the loss and the likelihood of incurring it, but does not explicitly mention or compare maximum or minimum outcomes as defined by the decision reason."",
  ""step_3"": ""The information considered by the individual (loss magnitude and probability of loss) is partially aligned with the decision reason, which also considers the minimum outcome (i.e., the worst-case loss). However, the decision reason specifically evaluates the maximum and minimum outcomes as structural features of the lotteries, and prefers the lottery with the more favorable maximum outcome, or if tied, the more favorable minimum. The individual’s justification is based on a trade-off between probability and magnitude of loss, which reflects a risk-aversion heuristic rather than a direct comparison of outcome extremes. While the individual did consider the minimum outcome (i.e., the worst loss), they did not frame their decision in terms of comparing the maximum or minimum outcomes as per the rule. The reasoning is more probabilistic and utilitarian than outcome-based in the formal sense of the reason. Therefore, although there is some overlap, the individual did not follow the exact rule of the decision reason. The assessment is not certain that the reason was used, but there is some alignment. Hence, the final score is moderate."",
  ""final_assessment_score"": 60
}"
9,"{
  ""step_1"": ""The decision reason evaluates lotteries based on their outcomes, specifically comparing the maximum and minimum outcomes. For Lottery A: the maximum outcome is 0 Euros, and the minimum outcome is -3000 Euros. For Lottery B: the maximum outcome is 0 Euros, and the minimum outcome is -6000 Euros. The maximum outcomes are identical (0 Euros), so the reason would compare the minimum outcomes: -3000 (A) is more favorable than -6000 (B). Therefore, according to this reason, Lottery A would be preferred over Lottery B because it has a less unfavorable minimum outcome. The reason is applicable to this decision problem, as all relevant outcomes are available and comparable."",
  ""step_2"": ""The individual considered the probability of losing money when comparing the lotteries. They mention choosing Lottery B because the chance of losing money was lower than in Lottery A. They also state they 'went through everything before' (implying a general review of the options), but the only specific justification provided is the lower risk of loss in B. The individual focused on the probability of loss rather than on the specific outcomes or their differences. There is no mention of maximum or minimum outcomes, nor any comparison of the magnitude of losses or gains."",
  ""step_3"": ""The decision reason relies on comparing the maximum and minimum outcomes, with a preference for a more favorable maximum, and if equal, a more favorable minimum. The individual, however, based their justification on the probability of losing money—specifically, the lower chance of loss in B. This is not aligned with the reason's rule, which does not consider probabilities at all. The individual did not mention outcomes or their differences, nor did they reference minimum or maximum values. Therefore, the reasoning process described does not match the decision reason. While both the individual and the reason may lead to a preference for B, the underlying logic differs. The individual did not use the specified outcome-based rule. Hence, the decision reason was not used."",
  ""final_assessment_score"": 0
}"
10,"{
  ""step_1"": ""The decision reason evaluates lotteries based on their outcomes, specifically comparing the maximum and minimum outcomes. For Lottery A: the maximum outcome is 0 Euros (with 99.9% probability), and the minimum outcome is -6000 Euros (with 0.1% probability). For Lottery B: the maximum outcome is 0 Euros (with 99.8% probability), and the minimum outcome is -3000 Euros (with 0.2% probability). The maximum outcomes are identical (0 Euros), so the reason would compare the minimum outcomes. Since -3000 Euros is more favorable (less negative) than -6000 Euros, the reason would prefer Lottery B. Thus, the decision reason is applicable to this decision problem and would lead to a preference for Lottery B."",
  ""step_2"": ""The individual considered the outcomes and probabilities of the lotteries. They mention evaluating the results ('Ergebnisse durchgenagen') and explicitly compare the potential losses: 'verlust deutlich geringer im Falle, dass es eintrifft' (loss is significantly lower if it occurs). This indicates that the individual focused on the magnitude of the negative outcome (i.e., the worst-case scenario) when making the decision. They also acknowledge that the probability of the loss occurring is higher in Lottery B (0.2% vs. 0.1%), but they still chose B, suggesting that the lower severity of the loss outweighed the higher probability. The justification centers on the comparative size of the potential loss, which is a key aspect of the outcomes."",
  ""step_3"": ""The decision reason focuses on the maximum and minimum outcomes, particularly preferring the lottery with the more favorable minimum outcome when maximums are equal. In this case, both lotteries have the same maximum outcome (0 Euros), so the reason relies on the minimum outcome. The individual explicitly prioritized the lower magnitude of the potential loss (i.e., the less unfavorable minimum outcome) despite the higher probability, which aligns with the decision reason’s rule. The individual’s consideration of the worst-case outcome and their justification based on the smaller loss directly match the decision reason’s logic. Therefore, the decision reason was used by the individual. The assessment is confident, as the reasoning process described matches the rule of the decision reason exactly."",
  ""final_assessment_score"": 100
}"
11,"{
  ""step_1"": ""The decision reason is applicable to the decision problem because it involves comparing two lotteries based on their outcomes and probabilities. Lottery A has a single outcome of 500 Euros with 100% probability, so its maximum and minimum outcome are both 500 Euros. Lottery B has outcomes of 1000 Euros (50% probability) and 0 Euros (50% probability), so its maximum outcome is 1000 Euros and its minimum outcome is 0 Euros. The reason compares the maximum outcomes first: 1000 (B) > 500 (A), so according to the reason, B would be preferred if only maximum outcomes were considered. However, since the maximum outcomes differ, the reason would favor B. If the maximum outcomes were equal, the reason would then consider the minimum outcomes. Thus, the reason is applicable and would lead to a preference for B based on the higher maximum outcome."",
  ""step_2"": ""The individual considered multiple options and ultimately chose Lottery A. The justification provided is that they chose A because it offers a 100% chance of winning 500 Euros. The individual focused on the certainty of the outcome and the probability of winning, specifically highlighting the 100% probability of obtaining a positive outcome. There is no mention of comparing maximum or minimum outcomes, nor any reference to the range of outcomes or the potential for higher gains in Lottery B. The deliberation centers on the certainty of a gain, not on the extremal values of the outcomes."",
  ""step_3"": ""The decision reason requires the individual to evaluate the maximum and, if necessary, the minimum outcomes and prefer the lottery with the more favorable maximum (or minimum if maxima are equal). However, the individual did not consider the maximum outcome of Lottery B (1000 Euros) or compare it to the maximum of A (500 Euros). Instead, the justification was based on the certainty of a gain (100% probability), which is consistent with a different decision rule (e.g., risk aversion or certainty effect), not the stated reason. The information considered by the individual (probability of winning, certainty) does not align with the information required by the reason (maximum and minimum outcomes). The justification also does not match the rule of the reason, which would favor B due to its higher maximum outcome. Therefore, the individual did not use the specified decision reason. The final assessment is 0, as the reason was not used."",
  ""final_assessment_score"": 0
}"
12,"{
  ""step_1"": ""The decision reason is applicable to the decision problem because it involves comparing two lotteries based on their outcomes and their extremal values (maximum and minimum). Lottery A has a single outcome: -500 Euros (both maximum and minimum). Lottery B has two outcomes: -1000 Euros (minimum) and 0 Euros (maximum). The maximum outcome of B (0) is more favorable than that of A (-500), and the minimum outcome of B (-1000) is less favorable than that of A (-500). According to the decision reason, since the maximum outcome of B is more favorable than that of A, B should be preferred. Thus, the reason can be applied and leads to a clear preference for B."",
  ""step_2"": ""The individual considered the outcomes of the lotteries and reflected on the probabilities. The key information considered is the probability of losing: for Lottery B, the chance of losing is 50%, whereas for Lottery A, the loss is certain (100%). The individual's justification for the choice is based on the reduced chance of losing in Lottery B compared to the certain loss in Lottery A. The deliberation focuses on the probability of a negative outcome (loss), not on the magnitude of gains or losses, nor on the maximum or minimum outcomes per se. The individual does not mention the potential gain of 0 Euros in B, nor does they compare the worst-case or best-case scenarios directly."",
  ""step_3"": ""The decision reason requires evaluating the maximum and minimum outcomes and preferring the lottery with the more favorable maximum (or, in case of tie, the more favorable minimum). The individual did not reference the maximum or minimum outcomes of the lotteries, nor did they compare these extremal values. Instead, their justification is based on the probability of loss, which is not part of the decision reason's rule. Although the individual’s choice (B) aligns with the outcome of the decision reason (B is preferred), the reasoning process is different. The individual did not use the rule of comparing maximum or minimum outcomes. Therefore, the decision reason was not used, despite the alignment of the choice. The assessment is based on the deliberation process, not the outcome. Hence, the reason was not used."",
  ""final_assessment_score"": 0
}"
13,"{
  ""step_1"": ""The decision reason is applicable to the decision problem. It evaluates the outcomes of the lotteries and compares their maximum and minimum values. For Lottery A: the maximum outcome is 6000 Euros and the minimum is 0 Euros. For Lottery B: the maximum outcome is 4000 Euros and the minimum is 0 Euros. The reason prefers the lottery with the more favorable (higher) maximum outcome. If maximum outcomes are equal, it would then consider the minimum outcome. Since 6000 > 4000, the reason would prefer Lottery A based on the maximum outcome. The relevant information (outcomes and their values) is fully available from the lotteries' descriptions."",
  ""step_2"": ""The individual considered the outcomes and probabilities of the lotteries. In the verbal report, they mention 'einzelne schritte durchgegangen' (went through individual steps), indicating a deliberative process. They specifically note 'Bei B höhere Summe zu 25% chance' (at B, higher sum at 25% chance), which refers to the fact that Lottery B offers 4000 Euros (a higher amount than A's 6000 Euros only at 25% probability) but also includes a 2000 Euro outcome at 25% probability. The individual appears to focus on the magnitude of the outcome associated with the 25% probability, particularly emphasizing that B offers a 'higher sum' at that probability level. However, the report does not mention the maximum outcome of A (6000 Euros), nor does it compare the minimums or discuss the full range of outcomes. The justification centers on a specific outcome (4000 Euros) in B being 'higher' than the 6000 Euros in A at the same probability, which is misleading since 4000 < 6000. This suggests a misinterpretation or a focus on a non-maximal outcome."",
  ""step_3"": ""First, the information relevant to the decision reason includes the maximum and minimum outcomes of both lotteries. The individual did not mention the maximum outcome of Lottery A (6000 Euros), nor did they compare maximums or minimums. Instead, they focused on the 4000 Euro outcome in B, which is not the maximum of either lottery. Second, the decision reason's rule is to prefer the lottery with the higher maximum outcome (or, in case of tie, the higher minimum). The individual's justification, however, centers on the idea that B offers a 'higher sum' at 25% chance, which contradicts the actual maximum outcome of A. This suggests the individual did not apply the reason's rule based on maximum outcomes. Instead, they appear to have focused on a specific outcome (4000) in B, possibly misjudging its significance. There is no evidence that the individual compared the maximum or minimum outcomes as required by the reason. Therefore, the decision reason was not used."",
  ""final_assessment_score"": 0
}"
14,"{
  ""step_1"": ""The decision reason evaluates lotteries based on their outcomes, specifically comparing the maximum and minimum outcomes. For Lottery A: the maximum outcome is 0 Euros (best outcome), and the minimum outcome is -6000 Euros (worst outcome). For Lottery B: the maximum outcome is 0 Euros, and the minimum outcome is -4000 Euros. Since both lotteries have the same maximum outcome (0 Euros), the reason would compare the minimum outcomes: -6000 (A) vs. -4000 (B). The more favorable minimum outcome is -4000, which belongs to Lottery B. Therefore, according to this reason, Lottery B should be preferred because it has a less unfavorable minimum outcome. The reason is applicable to this decision problem because all relevant outcomes (maximum and minimum) are available and comparable."",
  ""step_2"": ""The individual considered the outcomes and probabilities of both lotteries. They noted that in Lottery B, there is a 50% chance of a loss (specifically -2000 Euros), which makes a loss more probable. In contrast, in Lottery A, although the potential loss is higher (-6000 Euros), the chance of that loss occurring is only 25%. The individual’s justification centers on the probability of incurring a loss: they perceive Lottery B as riskier in terms of likelihood of loss, despite the lower magnitude of the loss. The reasoning emphasizes the higher probability of loss in B (50%) versus the lower probability in A (25%), and acknowledges the higher severity of loss in A but downplays it due to its low probability. The individual does not mention comparing maximum or minimum outcomes directly, nor do they refer to the magnitude of worst-case or best-case scenarios as a basis for choice."",
  ""step_3"": ""First, the information considered by the individual differs from that required by the decision reason. The reason focuses on the maximum and minimum outcomes (specifically, preferring the lottery with a more favorable maximum, or if tied, a more favorable minimum). The individual did not consider or compare the minimum outcomes (-6000 vs. -4000) or the maximum outcomes (both 0). Instead, they focused on the probability of loss and the magnitude of loss in relation to that probability. Second, the decision rule in the reason is based on outcome extremity (max and min), while the individual’s justification is based on the probability of loss and its severity. The individual’s reasoning aligns more with a risk-probability trade-off or a focus on likelihood of loss rather than extremal outcomes. Therefore, the decision reason was not used by the individual. The final assessment is 0, as the reasoning process described does not reflect the stated decision reason."",
  ""final_assessment_score"": 0
}"
15,"{
  ""step_1"": ""The decision reason evaluates lotteries based on their outcomes, specifically comparing the maximum and minimum outcomes. For Lottery A, the maximum outcome is 5000 Euros and the minimum is 0 Euros. For Lottery B, the maximum outcome is 5 Euros and the minimum is also 5 Euros. The reason prefers the lottery with the more favorable maximum outcome. Since 5000 Euros > 5 Euros, the reason would prefer Lottery A based on maximum outcome. If maximum outcomes were equal, it would compare minimum outcomes. Thus, the reason can be applied to this decision problem, and it would lead to a preference for Lottery A."",
  ""step_2"": ""The individual considered the outcomes and probabilities of the lotteries. They mention 'ergebnisse durchgegangen' (went through the results), indicating a review of the options. Their justification for choosing Lottery B is: 'da 100 prozentige chance zu gewinnen' (because 100% chance to win). This indicates that the individual focused on the certainty of winning, specifically the 100% probability of receiving 5 Euros in Lottery B, and did not mention the potential high payoff of Lottery A or compare the maximum or minimum outcomes. The deliberation centers on the probability of winning (certainty) rather than the magnitude of outcomes."",
  ""step_3"": ""The decision reason requires a comparison of maximum and minimum outcomes, with preference given to the more favorable maximum outcome (or minimum if maxima are equal). The individual did not mention or consider the maximum or minimum outcomes in their reasoning. Instead, they focused solely on the probability of winning (certainty), which is not part of the decision reason's rule. The individual's justification is based on risk aversion or certainty preference, not on outcome magnitudes. Therefore, the decision reason was not used. However, the individual did consider outcomes (5000 vs. 5) implicitly by noting the difference in winning amounts, but this was not used in the justification. The core of their reasoning does not align with the reason's rule. Hence, the decision reason was not used."",
  ""final_assessment_score"": 0
}"
16,"{
  ""step_1"": ""The decision reason evaluates lotteries based on their outcomes, specifically comparing the maximum and minimum outcomes. For Lottery A: the maximum outcome is -5 Euros and the minimum outcome is also -5 Euros (since it is a certain loss). For Lottery B: the maximum outcome is 0 Euros (with 99.9% probability), and the minimum outcome is -5000 Euros (with 0.1% probability). The reason prefers the lottery with the more favorable (higher) maximum outcome. Since 0 > -5, Lottery B has a more favorable maximum outcome. Therefore, the decision reason would prefer Lottery B. The information required by the reason (maximum and minimum outcomes) is fully available from the lotteries' descriptions, so the reason is applicable to this decision problem."",
  ""step_2"": ""The individual considered various options. The justification for choosing Lottery B is that 'die Chance zu verlieren minimal' (the chance to lose is minimal). This indicates that the individual focused on the low probability of incurring a large loss (0.1%) in Lottery B, compared to the certain small loss in Lottery A. The individual did not mention the maximum or minimum outcomes explicitly, nor did they compare these values. Instead, their reasoning centered on the probability of loss and the magnitude of potential loss, particularly emphasizing the low likelihood of the worst outcome in B. The individual appears to have weighed the risk of a large loss against the certainty of a small loss, but did not reference outcome values in terms of maximum or minimum."",
  ""step_3"": ""First, the information relevant to the decision reason (maximum and minimum outcomes) is present in the lotteries and could have been used. However, the individual did not refer to these specific outcomes in their deliberation. Instead, they focused on the probability of loss and the magnitude of the worst-case scenario, which is more aligned with a risk-probability-based evaluation than a max-min outcome comparison. Second, the decision reason’s rule is to prefer the lottery with the more favorable maximum outcome (or, in case of tie, the more favorable minimum). The individual’s justification does not reference the maximum outcome (0 vs -5) or the minimum outcome (-5000 vs -5), but rather the low probability of the large loss. Therefore, the individual’s reasoning does not match the rule of the decision reason. While the outcome of the decision (choosing B) coincides with the reason’s preference, the process does not reflect the reason’s logic. Thus, the decision reason was not used in the individual’s deliberation."",
  ""final_assessment_score"": 10
}"
17,"{
  ""step_1"": ""The decision reason is applicable to the decision problem because it involves comparing the outcomes and their probabilities of two lotteries. Lottery A has a single outcome of 1500 Euros with 100% probability, so its maximum and minimum outcomes are both 1500 Euros. Lottery B has two outcomes: 3000 Euros (50%) and -3000 Euros (50%), so its maximum outcome is 3000 Euros and its minimum outcome is -3000 Euros. The decision reason evaluates the maximum and minimum outcomes of each lottery. It prefers the lottery with the more favorable (higher) maximum outcome; if maximum outcomes are equal, it compares the minimum outcomes. In this case, Lottery B has a higher maximum outcome (3000 > 1500), so according to the reason, B would be preferred. However, the reason also considers the minimum outcome, which is more unfavorable in B (-3000 < 1500), but since the maximum outcome differs, the reason would still favor B due to the higher maximum."",
  ""step_2"": ""The individual considered the outcomes of the lotteries, specifically noting that Lottery A offers a 100% chance of winning 1500 Euros. The individual justified the choice of Lottery A by emphasizing the certainty of the outcome (100% win chance), which indicates a focus on risk avoidance and the absence of potential loss. The individual did not mention the maximum or minimum outcomes of the lotteries in their reasoning, nor did they compare the highest or lowest possible payoffs. Instead, the justification centers on the certainty of a positive outcome, which reflects a different decision-making criterion—likely risk aversion or certainty preference—rather than a comparison of maximum or minimum outcomes."",
  ""step_3"": ""The decision reason requires a comparison of the maximum and minimum outcomes to determine preference. The individual did not mention or consider the maximum outcome (3000) of Lottery B or the minimum outcome (-3000) of Lottery B. Instead, the justification focused solely on the certainty of a positive outcome in Lottery A. The individual’s reasoning is based on the probability of a positive result (100% chance of winning), not on the extremal outcomes of the lotteries. Therefore, the decision reason—based on comparing maximum and minimum outcomes—is not reflected in the individual’s deliberation process. The individual did not use this reason to make the decision. However, the reasoning is not entirely unrelated, as the individual did consider outcomes, but the specific rule of the decision reason (favoring higher maximum, then higher minimum) was not applied. Thus, the use of the reason is not certain, but it is also not entirely absent. The evidence leans toward non-use, but with some ambiguity due to the mention of outcomes. Final assessment: the reason was not used."",
  ""final_assessment_score"": 10
}"
18,"{
  ""step_1"": ""The decision reason is applicable to the decision problem because it involves comparing two lotteries based on their outcomes and their maximum and minimum values. Lottery A has a single outcome of 2000 Euros (maximum = 2000, minimum = 2000). Lottery B has two outcomes: 3000 Euros (maximum) and -3000 Euros (minimum). The reason evaluates the maximum outcome first: Lottery B has a higher maximum (3000 > 2000), so according to the reason, B would be preferred if only maximum outcomes were considered. However, if maximum outcomes are equal, the reason would compare minimum outcomes. Since the maximum outcomes differ, the reason would prefer B. Thus, the reason would lead to a preference for B, not A."",
  ""step_2"": ""The individual considered the outcomes and probabilities of the lotteries. Specifically, they mention 'ergebnisse durchgegangen' (went through the results) and decided on A because of the '100 prozentige gewinnchance' (100% chance of winning). The individual focused on the certainty of obtaining a positive outcome in Lottery A, emphasizing the absence of risk. The justification centers on the guaranteed outcome in A and the risk of loss in B, which is not explicitly framed in terms of maximum or minimum outcomes, but rather in terms of certainty and risk avoidance."",
  ""step_3"": ""The decision reason evaluates lotteries based on maximum and minimum outcomes: it prefers the lottery with the higher maximum outcome (or, in case of a tie, the higher minimum). In this case, the reason would prefer Lottery B due to its higher maximum (3000 > 2000). However, the individual's justification is based on the 100% chance of winning (i.e., certainty of a positive outcome), which aligns more with risk aversion or a focus on certainty, not the maximum or minimum outcome rule. The individual did not mention or consider the maximum or minimum outcomes explicitly, nor did they compare them in their reasoning. The reasoning is based on probability of gain (certainty) rather than outcome magnitudes. Therefore, the decision reason was not used. The individual's justification does not match the rule of the reason, and the information considered (certainty of outcome) is not the same as what the reason uses (maximum and minimum outcomes)."",
  ""final_assessment_score"": 0
}"
19,"{
  ""step_1"": ""The decision reason is applicable to the decision problem. The lotteries have distinct outcomes: Lottery A has outcomes of +3000 Euros (50%) and -3000 Euros (50%), while Lottery B has a certain outcome of +1000 Euros. The maximum outcome of A is 3000, and the minimum is -3000. The maximum and minimum outcome of B are both 1000. The reason compares the maximum outcomes first: 3000 (A) > 1000 (B), so A has a more favorable maximum. Since the maximum outcomes differ, the reason would prefer A based on the more favorable maximum outcome. However, the individual chose B, which contradicts the reason’s preference. The reason can be applied because all relevant information (outcomes and their extremal values) is available."",
  ""step_2"": ""The individual considered the outcomes of the lotteries and explicitly mentioned evaluating the results. The justification for the choice is: 'für B entschieden, da 100 prozentige Chance zu gewinnen' (decided for B because of a 100% chance to win). This indicates that the individual focused on the certainty of receiving 1000 Euros in Lottery B, emphasizing the absence of risk. The individual did not mention comparing maximum or minimum outcomes, nor did they reference the potential for a higher gain or loss in A. The deliberation centered on the probability of winning (certainty) rather than the extremal values of outcomes."",
  ""step_3"": ""The decision reason requires evaluating the maximum and, if equal, the minimum outcomes to determine preference. The individual did not mention any comparison of outcomes' extremal values. Instead, their justification focused solely on the certainty of a positive outcome (100% chance to win), which is unrelated to the rule of the reason. The reason would favor A due to its higher maximum outcome, but the individual chose B, and their justification does not align with the reason’s logic. There is no evidence in the report that the individual considered the maximum or minimum outcomes as criteria. Therefore, the decision reason was not used. The individual’s reasoning is better explained by risk aversion or a focus on certainty, not by the extremal outcome comparison specified in the reason."",
  ""final_assessment_score"": 0
}"
20,"{
  ""step_1"": ""The decision reason can be applied to the decision problem. The lotteries have clearly defined outcomes and probabilities. Lottery A has outcomes of +6000 Euros (50%) and -6000 Euros (50%), so its maximum outcome is +6000 and minimum is -6000. Lottery B has a single outcome of 0 Euros with 100% probability, so its maximum and minimum outcome are both 0. The reason compares the maximum outcomes first: 6000 (A) vs. 0 (B). Since 6000 > 0, the reason would prefer Lottery A based on maximum outcome. However, if the maximum outcomes were equal, the reason would compare the minimum outcomes. Thus, the relevant information (outcomes and their extremes) is available and the reason is applicable."",
  ""step_2"": ""The individual considered the risk associated with each lottery. Specifically, they mention 'kein Risiko gibt, Geld zu verlieren' (no risk of losing money), which refers to Lottery B's certain outcome of 0 Euros, avoiding the possibility of a loss. The individual also states they decided for B, indicating a preference for avoiding loss. The deliberation focuses on risk avoidance and the certainty of not losing money, not on the magnitude of potential gains or losses, nor on comparing maximum or minimum outcomes directly."",
  ""step_3"": ""The decision reason requires comparing maximum and minimum outcomes to determine preference. The reason would prefer Lottery A due to its higher maximum outcome (+6000 vs. 0), regardless of the risk involved. However, the individual’s justification centers on risk avoidance—specifically, avoiding the possibility of losing money—rather than comparing the extremal outcomes. The individual did not mention or consider the maximum or minimum outcomes as criteria, nor did they evaluate them in their reasoning. Instead, their justification is based on risk neutrality or risk aversion, not on the outcome extremities. Therefore, the decision reason was not used. The individual’s reasoning is inconsistent with the rule of the decision reason, which prioritizes maximum and then minimum outcomes. The final assessment is 0."",
  ""final_assessment_score"": 0
}"
