problemID,response
1,"wenn ich dafür das Risiko eingehe, auch wenn es nur gering ist, gar nichts zu bekommen.

Please follow the step-by-step instructions provided and give your FINAL ASSESSMENT in the requested format.assistant

STEPS: 
To assess whether the individual used the decision reason, we proceed as follows:

Step 1: Assess if the decision reason can be applied to the decision problem.
The decision reason considers the minimum outcome of each lottery and prefers the one with the more favorable minimum outcome. 
For Lottery A, the minimum outcome is 0 Euros, and for Lottery B, the minimum outcome is 2400 Euros. 
The information relevant to the decision reason can be derived from the lotteries' outcomes and is summarized as follows: 
- Minimum outcome of Lottery A: 0 Euros
- Minimum outcome of Lottery B: 2400 Euros

Step 2: Assess the verbal report.
First, evaluate and summarize the information considered by the individual: 
The individual considers the guaranteed amount of 2400 Euros from Lottery B, the potential to win more (100 Euros more) with Lottery A, and the risk of winning nothing with Lottery A.
Second, evaluate and summarize the individual’s justification for the choice: 
The individual justifies choosing Lottery B because the guaranteed 2400 Euros is too good to pass up, especially considering the risk, however small, of winning nothing with Lottery A. The potential extra 100 Euros from Lottery A is not worth this risk.

Step 3: Assess whether the decision reason was used by the individual.
First, compare the information relevant to the decision reason with that considered by the individual: 
The decision reason focuses on the minimum outcomes (0 Euros for A, 2400 Euros for B), which aligns with the individual’s consideration of the risk of winning nothing with Lottery A and the guaranteed amount from Lottery B.
Second, compare the decision reason’s rule to the individual’s justification for the choice: 
The decision reason prefers the lottery with the more favorable minimum outcome, which is Lottery B. The individual’s justification also leads to the choice of Lottery B, emphasizing the guarantee and the unacceptability of the risk of winning nothing, which aligns with preferring a more favorable minimum outcome.

Given these comparisons, it appears that the individual’s decision-making process aligns with the decision reason’s focus on minimum outcomes and the preference for the lottery with the more favorable minimum outcome.

FINAL ASSESSMENT: 100"
2,"sonst eher den sichereren Weg gehe.

Please follow the step-by-step instructions provided and give your FINAL ASSESSMENT in the requested format.assistant

STEPS: 
To assess whether the decision reason was used by the individual, we will follow the step-by-step approach outlined.

Step 1: Assess if the decision reason can be applied to the decision problem.
The decision reason considers the minimum outcome of each lottery and prefers the one with the more favorable minimum outcome. For Lottery A, the minimum outcome is 0 Euros, and for Lottery B, the minimum outcome is also 0 Euros. Since both lotteries have the same minimum outcome, the decision reason would be indifferent between the two lotteries based on this criterion. The relevant information for the decision reason is the minimum outcomes of both lotteries, which are equal.

Step 2: Assess the verbal report.
First, evaluate and summarize the information considered by the individual: The individual mentions rounding the probabilities to 1/3 for both lotteries, indicating they considered the probabilities of winning. They also mention choosing the ""leicht unwahrscheinlicheren höheren Gewinn,"" which translates to the ""slightly less probable higher win,"" suggesting they considered the amounts of the potential wins and their probabilities.
Second, evaluate and summarize the individual’s justification for the choice: The individual justifies their choice by stating that the difference and potential loss are so small that they are willing to ""gamble"" and choose the higher, though slightly less probable, win.

Step 3: Assess whether the decision reason was used by the individual.
First, compare the information relevant to the decision reason with that considered by the individual: The decision reason focuses on the minimum outcomes, which are the same for both lotteries. However, the individual's consideration is more focused on the probabilities of the wins and the amounts of the wins rather than the minimum outcomes.
Second, compare the decision reason’s rule to the individual’s justification for the choice: The decision reason would lead to indifference since both lotteries have the same minimum outcome (0 Euros), but the individual's justification is based on the comparison of the win amounts and their probabilities, not the minimum outcomes.

Given these comparisons, it appears that the individual did not use the decision reason that considers the minimum outcome of each lottery as the basis for their choice. The individual's focus was more on the potential gains and their probabilities rather than the minimum guaranteed outcomes.

FINAL ASSESSMENT: 0"
3,"Verbal report:
Natürlich Box A. Sichere 3000€ lehne ich nicht ab, wenn ich in der Alternative im schlechtesten Fall gar nichts Gewinne und im besten Fall NUR 1000€ mehr bekomme.

Please follow the step-by-step instructions provided and give your FINAL ASSESSMENT in the requested format.assistant

STEPS: 
To assess whether the decision reason was used by the individual, we will follow the step-by-step process outlined.

Step 1: Assess if the decision reason can be applied to the decision problem.
The decision reason considers the minimum outcome of each lottery and prefers the one with the more favorable minimum outcome. For Lottery A, the minimum outcome is 3000 Euros (with 100% probability), and for Lottery B, the minimum outcome is 0 Euros (with 20% probability). The information relevant to the decision reason can be derived from the lotteries' outcomes and probabilities, which are the minimum outcomes of each lottery: 3000 Euros for Lottery A and 0 Euros for Lottery B.

Step 2: Assess the verbal report.
First, evaluate and summarize the information considered by the individual: The individual considered the guaranteed amount of 3000 Euros from Lottery A and compared it with the possibility of getting nothing (0 Euros) in the worst-case scenario of Lottery B, while also acknowledging the best-case scenario of Lottery B offers only 1000 Euros more.
Second, evaluate and summarize the individual’s justification for the choice: The individual justifies choosing Lottery A because they prefer the secure 3000 Euros over the risk of getting nothing in Lottery B, even though Lottery B's best outcome is 1000 Euros more than Lottery A's outcome.

Step 3: Assess whether the decision reason was used by the individual.
First, compare the information relevant to the decision reason with that considered by the individual: The individual considered the worst-case scenarios (minimum outcomes) of both lotteries, which aligns with the information relevant to the decision reason.
Second, compare the decision reason’s rule to the individual’s justification for the choice: The decision reason prefers the lottery with the more favorable minimum outcome. The individual's justification for choosing Lottery A is based on preferring the secure 3000 Euros (the more favorable minimum outcome) over the risk of getting nothing from Lottery B, which aligns with the decision reason's rule.

FINAL ASSESSMENT: 100 
The individual's consideration of the minimum outcomes and their justification for choosing the lottery with the more favorable minimum outcome directly align with the decision reason's criteria, indicating certain use of the decision reason."
4,"in Box B hätte gewinnen können. Gerade da ja am Ende auch nur ein Experiment zufällig ausgewählt wird für mich.

Please follow the step-by-step instructions provided and give your FINAL ASSESSMENT in the requested format.assistant

STEPS: 

Step 1: Assess if the decision reason can be applied to the decision problem.
The decision reason considers the minimum outcome of each lottery. For Lottery A, the minimum outcome is 0 Euros, and for Lottery B, the minimum outcome is also 0 Euros. Since both lotteries have the same minimum outcome, the decision reason would be indifferent between the two lotteries. The relevant information for this decision reason can be derived from the lotteries' outcomes.

Step 2: Assess the verbal report.
First, evaluate and summarize information considered by the individual: The individual considered the higher probability of winning more than 0 Euros in Lottery A and compared it to the potential gain of 1000 Euros more in Lottery B.
Second, evaluate and summarize the individual’s justification for the choice: The individual justified their choice by stating that the higher probability of winning more than 0 Euros in Lottery A was more important than the potential additional gain of 1000 Euros in Lottery B.

Step 3: Assess whether the decision reason was used by the individual.
First, compare the information relevant to the decision reason with that considered by the individual: The decision reason focuses on the minimum outcome, which is the same for both lotteries (0 Euros), but the individual considered the probability of winning more than 0 Euros, not the minimum outcome itself.
Second, compare the decision reason’s rule to the individual’s justification for the choice: The decision reason would lead to indifference since both lotteries have the same minimum outcome, but the individual's justification is based on the probability of winning, not the minimum outcome.

FINAL ASSESSMENT: 0 

The individual's decision-making process, as described in the verbal report, does not align with the decision reason that considers the minimum outcome of each lottery. The individual focused on the probability of winning more than 0 Euros, which is different from the decision reason's focus on the minimum outcome. Therefore, it is certain that the decision reason was not used by the individual."
5,"me ich dann doch lieber nur die Hälfte, die aber relativ sicher (90%).

Please follow the step-by-step instructions provided and give your FINAL ASSESSMENT in the requested format.assistant

STEPS: 
Step 1: Assess if the decision reason can be applied to the decision problem.
The decision reason considers the minimum outcome of each lottery and prefers the lottery with the more favorable minimum outcome. For Lottery A, the minimum outcome is 0 Euros, and for Lottery B, the minimum outcome is also 0 Euros. Since both lotteries have the same minimum outcome, the decision reason can be applied, but it would lead to indifference between the two lotteries as both have the same minimum outcome of 0 Euros.

Step 2: Assess the verbal report.
First, evaluate and summarize information considered by the individual: The individual considers the amount of money (3000 Euros vs. 6000 Euros), the probability of winning (90% for Lottery A vs. less than 50% for Lottery B), and the concept of a ""relatively secure"" win.
Second, evaluate and summarize the individual’s justification for the choice: The individual justifies choosing Lottery A because it offers a ""relatively secure"" win of 3000 Euros, despite being half of the potential win of Lottery B, due to its higher probability of winning.

Step 3: Assess whether the decision reason was used by the individual.
First, compare the information relevant to the decision reason with that considered by the individual: The decision reason focuses on the minimum outcome, which is the same for both lotteries (0 Euros). However, the individual's consideration is more focused on the guaranteed aspect of the win and its probability rather than the minimum outcome itself.
Second, compare the decision reason’s rule to the individual’s justification for the choice: The decision reason would lead to indifference since both lotteries have the same minimum outcome, but the individual chooses based on the security of the win and its probability, not the minimum outcome.

FINAL ASSESSMENT: 0
The individual's decision-making process, as described in the verbal report, does not align with the decision reason that considers the minimum outcome of each lottery. The individual's focus is on the probability of winning a significant amount rather than the minimum possible outcome, indicating that the decision reason was not used to make the decision."
6,"0€.

Please follow the step-by-step instructions provided and give your FINAL ASSESSMENT in the requested format.assistant

STEPS: 
To assess whether the decision reason was used by the individual, we will follow the step-by-step instructions.

Step 1: Assess if the decision reason can be applied to the decision problem.
The decision reason considers the minimum outcome of each lottery and prefers the lottery with the more favorable minimum outcome. 
For Lottery A, the minimum outcome is 0 Euros, and for Lottery B, the minimum outcome is also 0 Euros. 
Since both lotteries have the same minimum outcome, the information relevant to the decision reason can be derived, and it is summarized as: both lotteries have a minimum outcome of 0 Euros.

Step 2: Assess the verbal report.
First, evaluate and summarize information considered by the individual: 
The individual considered the low probability of winning in both lotteries and the fact that they would most likely win 0 Euros in both cases, but also noted the potential high gain of 6000 Euros in Lottery B.
Second, evaluate and summarize the individual’s justification for the choice: 
The individual justified their choice by stating that they would ""fordere das Schicksal gern raus"" (challenge fate) and potentially win 6000 Euros in the unlikely case, implying they chose Lottery B for its higher potential gain.

Step 3: Assess whether the decision reason was used by the individual.
First, compare the information relevant to the decision reason with that considered by the individual: 
The decision reason focuses on the minimum outcome, which is the same for both lotteries (0 Euros). However, the individual's consideration was more focused on the high potential gain of Lottery B rather than the minimum outcomes.
Second, compare the decision reason’s rule to the individual’s justification for the choice: 
The decision reason's rule prefers the lottery with the more favorable minimum outcome, but since both lotteries have the same minimum outcome, this rule does not differentiate between them. The individual's justification, however, is based on the potential high gain of Lottery B, not the minimum outcome.

FINAL ASSESSMENT: 0 
The individual's focus was on the potential high gain of Lottery B and the low probabilities of winning, rather than on comparing the minimum outcomes of the two lotteries, which are the same. Therefore, it is certain that the decision reason, which considers the minimum outcome of each lottery, was not used by the individual to make the decision."
7,"nicht auswählen, zumindest solange ich in der Alternative nur 1000€ mehr verliere aber immerhin noch die Chance habe, gar nichts zu verlieren.

Please follow the step-by-step instructions provided and give your FINAL ASSESSMENT in the requested format.assistant

STEPS: 
Step 1: The decision reason can be applied to the decision problem because it considers the minimum outcome of each lottery, which can be derived from the lotteries' outcomes and probabilities. For Lottery A, the minimum outcome is -4000 Euros, and for Lottery B, the minimum outcome is -3000 Euros. This information is relevant to the decision reason.

Step 2: Evaluating the verbal report, the individual considers the probability of losing and the amount of loss in both lotteries. Specifically, they mention not wanting to choose an option with a 100% chance of loss and appreciate the possibility of losing nothing in one of the options. The individual's justification for the choice seems to focus on avoiding a certain loss and having a chance to lose nothing, which implies considering the worst-case scenarios of both lotteries.

Step 3: Comparing the information relevant to the decision reason (minimum outcomes of both lotteries) with that considered by the individual (avoiding certain loss and valuing the chance to lose nothing), there is a match in the sense that both involve considering the worst-case scenarios. The decision reason's rule prefers the lottery with the more favorable minimum outcome, which is Lottery B with a minimum outcome of -3000 Euros compared to Lottery A's -4000 Euros. However, the individual's justification seems to prioritize avoiding a certain loss and having a chance at no loss, which aligns more with the concept of considering minimum outcomes but leads to a preference for Lottery A due to its 20% chance of losing nothing. This indicates the individual might not strictly follow the decision reason as defined, which prefers the lottery with the better minimum outcome (Lottery B), but their reasoning does involve considering the worst-case scenarios, a key aspect of the decision reason.

FINAL ASSESSMENT: 20 
This assessment reflects that while the individual's decision-making process involves considering the minimum outcomes (a key aspect of the decision reason), their final justification and choice do not strictly align with the decision reason's rule to prefer the lottery with the more favorable minimum outcome. The individual's emphasis on avoiding a certain loss and valuing the chance to lose nothing leads them to prefer Lottery A, contrary to what the decision reason would suggest. Thus, it is unlikely that the decision reason, as defined, was the primary basis for their decision."
8,"favorable minimum outcome.

Verbal report:
Harte Entscheidung, aber da die Wahrscheinlichkeiten des Verlusts wieder sehr nah beieinander liegen, wähle ich die Möglichkeit mit dem geringeren Verlust.

Please follow the step-by-step instructions provided and give your FINAL ASSESSMENT in the requested format.assistant

STEPS: 
To assess whether the individual used the given decision reason, we'll follow the steps outlined.

Step 1: Assess if the decision reason can be applied to the decision problem.
The decision reason considers the minimum outcome of each lottery and prefers the one with the more favorable minimum outcome. For Lottery A, the minimum outcome is -4000 Euros, and for Lottery B, it's -3000 Euros. Since -3000 Euros is more favorable than -4000 Euros, the decision reason can be applied and would prefer Lottery B over Lottery A based on the minimum outcomes. The relevant information for this reason is the minimum monetary outcome of each lottery.

Step 2: Assess the verbal report.
First, evaluate and summarize the information considered by the individual: The individual mentions the probabilities of loss being close to each other but focuses on choosing the option with the lesser loss. This indicates the individual considered the potential losses and their probabilities.
Second, evaluate and summarize the individual’s justification for the choice: The justification is based on selecting the option with the lesser loss when the probabilities of loss are nearly the same.

Step 3: Assess whether the decision reason was used by the individual.
First, compare the information relevant to the decision reason with that considered by the individual: Both involve considering the minimum outcomes (or losses in this context) of the lotteries.
Second, compare the decision reason’s rule to the individual’s justification for the choice: The decision reason prefers the lottery with the more favorable minimum outcome, which aligns with the individual's justification of choosing the option with the lesser loss when the probabilities of loss are similar.

Given these comparisons, it appears the individual's decision-making process aligns with the decision reason provided, as both focus on the minimum outcomes (losses) of the lotteries to make a choice.

FINAL ASSESSMENT: 100"
9,"das Risiko ein die doppelte Menge, aber eben nur mit einer Wahrscheinlichkeit von unter 50% zu verlieren.

Please follow the step-by-step instructions provided and give your FINAL ASSESSMENT in the requested format.assistant

STEPS: 
To assess whether the decision reason was used by the individual, we'll follow the steps outlined.

Step 1: Assess if the decision reason can be applied to the decision problem.
The decision reason considers the minimum outcome of each lottery and prefers the one with the more favorable minimum outcome. For Lottery A, the minimum outcome is -3000 Euros (with 90% probability) and 0 Euros (with 10% probability), but since the minimum outcome is the worst possible outcome, it's -3000 Euros. For Lottery B, the minimum outcome is -6000 Euros (with 45% probability) and 0 Euros (with 55% probability), which is -6000 Euros as the minimum. The information relevant to the decision reason can be derived from the lotteries' outcomes, which are -3000 Euros for Lottery A and -6000 Euros for Lottery B.

Step 2: Assess the verbal report.
First, evaluate and summarize the information considered by the individual: The individual seems to be focusing on the risk of losing and the probabilities associated with each lottery, mentioning that with Lottery B, there's almost a certainty of losing (though this interpretation seems to misunderstand the given probabilities) and comparing the risk of losing a larger amount with a lower probability.
Second, evaluate and summarize the individual’s justification for the choice: The individual justifies choosing Lottery A because, despite the risk of losing a significant amount, the probability of losing is perceived as lower compared to Lottery B, based on a misunderstanding of the probabilities provided.

Step 3: Assess whether the decision reason was used by the individual.
First, compare the information relevant to the decision reason with that considered by the individual: The decision reason focuses on the minimum outcomes (-3000 Euros for Lottery A and -6000 Euros for Lottery B), but the individual's consideration, as described, seems to misinterpret the probabilities rather than directly comparing minimum outcomes.
Second, compare the decision reason’s rule to the individual’s justification for the choice: The decision reason prefers the lottery with the more favorable minimum outcome, which would be Lottery A because -3000 Euros is more favorable than -6000 Euros. The individual, however, seems to be making a decision based on a perceived lower risk of losing, which aligns with choosing Lottery A but is justified through a misinterpretation of the probabilities rather than a direct comparison of minimum outcomes.

FINAL ASSESSMENT: 20
The individual's decision aligns with what the decision reason would suggest (choosing Lottery A over Lottery B due to its more favorable minimum outcome), but the reasoning provided in the verbal report does not directly reflect the decision reason's focus on minimum outcomes. Instead, the individual's justification is based on a misunderstanding of the probabilities associated with each lottery, indicating that while the choice might coincidentally align with the decision reason, the actual reasoning process described does not directly apply the decision reason."
10,"STEPS: 

Step 1: The decision reason considers the minimum outcome of each lottery and prefers the one with the more favorable minimum outcome. For Lottery A, the minimum outcome is -3000 Euros, and for Lottery B, it's -6000 Euros. The relevant information for the decision reason can be derived from the lotteries' outcomes. 

Step 2: Evaluating the verbal report, the individual considers the low probability of losing money in both lotteries and the fact that the only other outcome is 0 Euros, with no possibility of gaining a positive amount. The individual justifies their choice by preferring the lottery where they would lose half as much in the worst-case scenario, essentially focusing on the minimum loss. They mention the difference in probabilities (0.1% vs. 0.2%) as negligible due to both being very low.

Step 3: Comparing the information relevant to the decision reason (minimum outcomes of -3000 Euros for Lottery A and -6000 Euros for Lottery B) with what the individual considered (the potential loss in each lottery and the negligible difference in probabilities), it appears the individual did focus on the aspect of minimum outcomes. The individual's justification for choosing the lottery with the lesser loss in the worst-case scenario aligns with the decision reason's rule of preferring the lottery with the more favorable minimum outcome. 

FINAL ASSESSMENT: 100"
11,"inne (500€ und 1000e sind noch im Rahmen, aber doch so hoch, dass ich schon sehr enttäuscht wäre mit 0€ heimzugehen.

Please follow the step-by-step instructions provided and give your FINAL ASSESSMENT in the requested format.assistant

STEPS: 
Step 1: Assess if the decision reason can be applied to the decision problem.
The decision reason considers the minimum outcome of each lottery. For Lottery A, the minimum outcome is 500 Euros (with 100% probability), and for Lottery B, the minimum outcome is 0 Euros (with 50% probability). The information relevant to the decision reason can be derived from the lotteries' outcomes and probabilities, which are the minimum outcomes of 500 Euros for Lottery A and 0 Euros for Lottery B.

Step 2: Assess the verbal report.
First, evaluate and summarize information considered by the individual: The individual considered both the potential gains (500 Euros and 1000 Euros) and the potential loss (0 Euros), acknowledging that both gains are significant but also expressing concern about the disappointment of receiving 0 Euros.
Second, evaluate and summarize the individual’s justification for the choice: The individual chose the ""sicheren 500€"" (secure 500 Euros), implying a preference for a guaranteed outcome over a riskier option with potential for higher gain but also potential for no gain.

Step 3: Assess whether the decision reason was used by the individual.
First, compare the information relevant to the decision reason with that considered by the individual: The decision reason focuses on minimum outcomes, which aligns with the individual's consideration of the potential disappointment of receiving 0 Euros (the minimum outcome of Lottery B) and the security of 500 Euros (the minimum outcome of Lottery A).
Second, compare the decision reason’s rule to the individual’s justification for the choice: The decision reason prefers the lottery with the more favorable minimum outcome, which is Lottery A with a minimum of 500 Euros. The individual's justification for choosing Lottery A (the ""sicheren 500€"") suggests a preference for the guaranteed, higher minimum outcome, aligning with the decision reason's rule.

FINAL ASSESSMENT: 100"
12,"einfach auch kein Glücksspiel betreiben, wenn ich dann einen sicheren Verlust ohne zu gambeln wählen würde.

Please follow the step-by-step instructions provided and give your FINAL ASSESSMENT in the requested format.assistant

STEPS: 
To assess whether the decision reason was used by the individual, we will follow the steps as outlined.

Step 1: Assess if the decision reason can be applied to the decision problem.
The decision reason considers the minimum outcome of each lottery and prefers the one with the more favorable minimum outcome. For Lottery A, the minimum outcome is -1000 Euros, and for Lottery B, the minimum outcome (which is also the certain outcome) is -500 Euros. The information relevant to the decision reason can be derived from the lotteries' outcomes, which are -1000 Euros for Lottery A and -500 Euros for Lottery B. Thus, the decision reason can be applied.

Step 2: Assess the verbal report.
First, evaluate and summarize the information considered by the individual: The individual considers the concept of certain losses and compares them, suggesting they would only accept a certain loss if the alternative had a significantly higher possible loss (mentioning an example of 4000 Euros). This implies the individual is thinking about the worst-case scenarios of the lotteries.
Second, evaluate and summarize the individual’s justification for the choice: The individual justifies their choice by stating they would not choose a certain loss without considering if the alternative has a much higher potential loss, indicating a focus on avoiding the worst possible outcomes.

Step 3: Assess whether the decision reason was used by the individual.
First, compare the information relevant to the decision reason with that considered by the individual: The decision reason focuses on the minimum outcomes (-1000 Euros for Lottery A and -500 Euros for Lottery B), and the individual discusses considering the worst-case scenarios, which aligns with the concept of minimum outcomes.
Second, compare the decision reason’s rule to the individual’s justification for the choice: The decision reason prefers the lottery with the more favorable minimum outcome, and the individual seems to justify their choice based on avoiding the worst possible loss unless the alternative's worst loss is significantly worse, which suggests a preference for the more favorable minimum outcome when directly comparing certain losses.

FINAL ASSESSMENT: 80
The individual's focus on worst-case scenarios and their justification for choosing based on avoiding certain losses unless the alternative has a significantly worse outcome suggest they are considering the minimum outcomes of the lotteries, which is in line with the decision reason. However, the verbal report does not explicitly state that the individual compared the minimum outcomes of the two lotteries provided and chose based on that comparison alone, which prevents a 100% certainty assessment. Therefore, while it seems likely the decision reason influenced the individual's decision, there is some uncertainty."
13,"hier die Box die mir am ehesten über 0€ auszahlt.

Please follow the step-by-step instructions provided and give your FINAL ASSESSMENT in the requested format.assistant

STEPS: 

Step 1: Assess if the decision reason can be applied to the decision problem.
The decision reason considers the minimum outcome of each lottery. For Lottery A, the minimum outcome is 0 Euros, and for Lottery B, the minimum outcome is also 0 Euros. The information relevant to the decision reason can be derived from the lotteries' outcomes. Since both lotteries have the same minimum outcome (0 Euros), the decision reason would be indifferent between the two lotteries.

Step 2: Assess the verbal report.
First, evaluate and summarize information considered by the individual: The individual considers that in both lotteries, they can only win money or get 0 Euros, which they interpret as no loss and thus a form of gain.
Second, evaluate and summarize the individual’s justification for the choice: The individual chooses the lottery that pays out the most above 0 Euros, implying they are looking for the lottery with the better positive outcome, not specifically focusing on the minimum outcome.

Step 3: Assess whether the decision reason was used by the individual.
First, compare the information relevant to the decision reason with that considered by the individual: The decision reason focuses on the minimum outcome, which is the same for both lotteries (0 Euros). The individual, however, focuses on the positive outcomes and the concept of ""no loss"" as a form of gain, not directly on the minimum outcome as defined by the decision reason.
Second, compare the decision reason’s rule to the individual’s justification for the choice: The decision reason would lead to indifference since both lotteries have the same minimum outcome. The individual's justification, however, is based on maximizing the payout above 0 Euros, which does not align with the decision reason's focus on minimum outcomes.

FINAL ASSESSMENT: 0 

This assessment indicates that it is certain the decision reason (preferring the lottery with the more favorable minimum outcome) was not used by the individual to make the decision, as their justification and consideration focused on different aspects (maximizing positive payouts and interpreting 0 Euros as no loss) rather than the minimum outcome of the lotteries."
14,".

Please follow the step-by-step instructions provided and give your FINAL ASSESSMENT in the requested format.assistant

STEPS: 
To assess whether the individual used the decision reason, we follow the steps outlined:

Step 1: Assess if the decision reason can be applied to the decision problem.
The decision reason considers the minimum outcome of each lottery. For Lottery A, the minimum outcome is -6000 Euros. For Lottery B, the minimum outcome is -4000 Euros. The relevant information for the decision reason is the minimum outcome of each lottery, which can be derived from the lotteries' outcomes. This information is: Lottery A has a minimum outcome of -6000 Euros and Lottery B has a minimum outcome of -4000 Euros.

Step 2: Assess the verbal report.
First, evaluate and summarize the information considered by the individual: The individual considered the potential losses and their magnitude, specifically mentioning the loss of 6000 Euros as a significant factor.
Second, evaluate and summarize the individual’s justification for the choice: The individual chose based on the desire to avoid the higher loss, indicating that the magnitude of potential losses influenced their decision. The individual mentions choosing the ""Box mit den geringeren Verlusten"" (box with the smaller losses), which suggests a focus on minimizing the worst-case scenario.

Step 3: Assess whether the decision reason was used by the individual.
First, compare the information relevant to the decision reason with that considered by the individual: The decision reason focuses on the minimum outcome of each lottery, which aligns with the individual's consideration of the magnitude of potential losses, specifically highlighting the worst-case scenario of -6000 Euros for Lottery A.
Second, compare the decision reason’s rule to the individual’s justification for the choice: The decision reason prefers the lottery with the more favorable minimum outcome. The individual's justification for choosing Lottery B over Lottery A is based on avoiding the higher loss (i.e., preferring the lottery with the less severe minimum outcome), which aligns with the decision reason's rule.

FINAL ASSESSMENT: 100 
The individual's verbal report closely aligns with the decision reason's focus on the minimum outcome of each lottery and the preference for the lottery with the more favorable minimum outcome. The individual's justification for choosing Lottery B because it offers a less severe minimum loss directly corresponds to the decision reason's rule, indicating a high certainty that the decision reason was used by the individual."
15,"der andern Box ist. Da versuche ich lieber mein Glück eine bedeutende Geldsumme zu bekommen.

Please follow the step-by-step instructions provided and give your FINAL ASSESSMENT in the requested format.assistant

STEPS: 
To assess whether the individual used the decision reason to make the decision, we will follow the step-by-step approach as instructed.

Step 1: Assess if the decision reason can be applied to the decision problem.
The decision reason considers the minimum outcome of each lottery and prefers the lottery with the more favorable minimum outcome. For Lottery A, the minimum outcome is 5 Euros (with 100% probability), and for Lottery B, the minimum outcome is 0 Euros (with 99.9% probability). The information relevant to the decision reason can be derived from the lotteries' outcomes and probabilities, which are: 
- Minimum outcome of Lottery A: 5 Euros
- Minimum outcome of Lottery B: 0 Euros
This information is relevant for applying the decision reason.

Step 2: Assess the verbal report.
First, evaluate and summarize the information considered by the individual:
The individual considers the amount of 5 Euros from Lottery A as very low and comparable to the likely outcome of 0 Euros from Lottery B, implying they are considering the outcomes and possibly their probabilities.

Second, evaluate and summarize the individual’s justification for the choice:
The individual justifies choosing Lottery B over Lottery A because the potential gain from Lottery B is significantly higher, despite being less likely, and the guaranteed amount from Lottery A is perceived as too low.

Step 3: Assess whether the decision reason was used by the individual.
First, compare the information relevant to the decision reason with that considered by the individual:
The decision reason focuses on the minimum outcomes (5 Euros for Lottery A and 0 Euros for Lottery B), but the individual's consideration seems to weigh more towards the potential high gain from Lottery B rather than strictly comparing the minimum outcomes.

Second, compare the decision reason’s rule to the individual’s justification for the choice:
The decision reason would prefer Lottery A due to its more favorable minimum outcome (5 Euros vs. 0 Euros), but the individual chooses Lottery B, indicating their decision is not based solely on the minimum outcome of each lottery.

Given these comparisons, it appears the individual did not strictly follow the decision reason that prefers the lottery with the more favorable minimum outcome.

FINAL ASSESSMENT: 0"
16,"more favorable minimum outcome.

Verbal report:
Ich bleibe bei meinem Grundsatz keine 100% Verlustwahrscheinlichkeit auszuwählen, solange durch die Alternative so unwahrscheinlich viel mehr Verlust zustande kommt.

Please follow the step-by-step instructions provided and give your FINAL ASSESSMENT in the requested format.assistant

STEPS: 
Step 1: Assess if the decision reason can be applied to the decision problem. 
The decision reason considers the minimum outcome of each lottery and prefers the one with the more favorable minimum outcome. For Lottery A, the minimum outcome is -5 Euros (with 100% probability), and for Lottery B, the minimum outcome is -5000 Euros (with 0.1% probability). The information relevant to the decision reason can be derived from the lotteries' outcomes. The relevant information is: 
- Minimum outcome of Lottery A: -5 Euros
- Minimum outcome of Lottery B: -5000 Euros

Step 2: Assess the verbal report. 
First, evaluate and summarize information considered by the individual: 
The individual mentions a principle of not choosing an option with a 100% loss probability as long as the alternative, although very unlikely, could result in a much greater loss. This implies the individual considers the worst-case scenarios of both lotteries and their respective probabilities. 
Second, evaluate and summarize the individual’s justification for the choice: 
The individual justifies their choice based on avoiding a certain loss when the alternative, despite its low probability, presents a significantly worse outcome. This suggests the individual is focusing on the worst possible outcomes and their likelihoods.

Step 3: Assess whether the decision reason was used by the individual. 
First, compare the information relevant to the decision reason with that considered by the individual: 
The decision reason focuses on the minimum outcomes (-5 Euros for Lottery A and -5000 Euros for Lottery B), which aligns with the individual's consideration of the worst-case scenarios. However, the individual also considers the probability of these outcomes, which is not a factor in the decision reason. 
Second, compare the decision reason’s rule to the individual’s justification for the choice: 
The decision reason prefers the lottery with the more favorable minimum outcome, which would be Lottery A (-5 Euros). The individual's justification, while emphasizing the avoidance of certain loss and consideration of the alternative's potential for a much greater loss, effectively leads to the same preference for Lottery A but seems to incorporate an additional consideration of probability.

FINAL ASSESSMENT: 60 
This assessment reflects that while the individual's decision aligns with the preference dictated by the decision reason (preferring the lottery with the more favorable minimum outcome), the verbal report suggests the individual's thought process also incorporates considerations (like probability) not explicitly part of the decision reason. Thus, it's somewhat uncertain whether the decision reason was the sole or primary basis for the individual's choice."
17,"% das doppelte UND VORALLEM zu 50% das doppelte als negativen Betrag einbringt.

Please follow the step-by-step instructions provided and give your FINAL ASSESSMENT in the requested format.assistant

STEPS: 
To assess whether the decision reason was used by the individual, we will follow the steps as outlined.

Step 1: Assess if the decision reason can be applied to the decision problem.
The decision reason considers the minimum outcome of each lottery and prefers the one with the more favorable minimum outcome. For Lottery A, the minimum outcome is -3000 Euros (with 50% probability), and for Lottery B, the minimum outcome is 1500 Euros (with 100% probability). This information is relevant to the decision reason and can be derived from the lotteries' outcomes and probabilities. Thus, the decision reason can be applied to this decision problem.

Step 2: Assess the verbal report.
First, evaluate and summarize the information considered by the individual: The individual mentions the attractiveness of a guaranteed amount over 1000 Euros, especially when compared to an alternative that offers both a higher potential gain and a higher potential loss, both at 50% probability. This indicates the individual considered the outcomes and their probabilities of both lotteries.
Second, evaluate and summarize the individual’s justification for the choice: The individual justifies choosing Lottery B (Box B) by highlighting the difficulty of refusing a guaranteed amount, particularly in comparison to the risky alternative that could result in a significant loss.

Step 3: Assess whether the decision reason was used by the individual.
First, compare the information relevant to the decision reason with that considered by the individual: The decision reason focuses on the minimum outcomes of the lotteries, which are -3000 Euros for Lottery A and 1500 Euros for Lottery B. The individual's consideration of the guaranteed amount versus the risk of a significant loss aligns with considering the worst-case scenarios or minimum outcomes.
Second, compare the decision reason’s rule to the individual’s justification for the choice: The decision reason prefers the lottery with the more favorable minimum outcome, which in this case is Lottery B with a minimum outcome of 1500 Euros. The individual's justification emphasizes the attractiveness of the guaranteed positive outcome of Lottery B over the risky outcomes of Lottery A, which includes a significant potential loss. This aligns with preferring the lottery based on its more favorable minimum outcome.

FINAL ASSESSMENT: 100 
The individual's consideration of the guaranteed amount versus the risk of loss and the emphasis on the attractiveness of a positive, certain outcome over a risky alternative with potential for significant loss closely aligns with the decision reason's focus on the minimum outcomes of the lotteries. Therefore, it is certain that the decision reason was used by the individual to make the decision."
18,"nen, gerade wenn ich sonst 3000€ zu 50% verlieren könnte, aber nur 1000€ mit einer Wahrscheinlichkeit von 50% mehr gewinnen könnte.

Please follow the step-by-step instructions provided and give your FINAL ASSESSMENT in the requested format.assistant

STEPS: 
To assess whether the decision reason was used by the individual, we will follow the steps outlined.

Step 1: Assess if the decision reason can be applied to the decision problem.
The decision reason considers the minimum outcome of each lottery and prefers the lottery with the more favorable minimum outcome. For Lottery A, the minimum outcome is 2000 Euros (with 100% probability). For Lottery B, the minimum outcome is -3000 Euros (with 50% probability). The information relevant to the decision reason can be derived from the lotteries' outcomes and probabilities, which are: minimum outcome of Lottery A = 2000 Euros, and minimum outcome of Lottery B = -3000 Euros.

Step 2: Assess the verbal report.
First, evaluate and summarize the information considered by the individual: The individual considered the guaranteed 2000 Euros from Lottery A and the potential loss of 3000 Euros from Lottery B with a 50% probability, as well as the potential gain of more than 2000 Euros (specifically, 3000 Euros) from Lottery B but only with a 50% probability.
Second, evaluate and summarize the individual’s justification for the choice: The individual justified choosing Lottery A because they could not refuse a guaranteed 2000 Euros, especially when the alternative (Lottery B) carried a significant risk of losing 3000 Euros, with the potential additional gain not being sufficiently compelling given the risk.

Step 3: Assess whether the decision reason was used by the individual.
First, compare the information relevant to the decision reason with that considered by the individual: The individual considered the outcomes of both lotteries, including the potential loss from Lottery B and the guaranteed gain from Lottery A, which aligns with considering the minimum outcomes.
Second, compare the decision reason’s rule to the individual’s justification for the choice: The decision reason prefers the lottery with the more favorable minimum outcome. The individual's justification emphasizes the attractiveness of the guaranteed 2000 Euros over the risky option that includes a significant potential loss, which suggests they prioritized avoiding the worse outcome (losing 3000 Euros) in favor of a guaranteed positive outcome (2000 Euros).

FINAL ASSESSMENT: 100
The individual's verbal report indicates a clear consideration of the minimum outcomes of both lotteries and a preference for the lottery with the more favorable minimum outcome (Lottery A's guaranteed 2000 Euros over Lottery B's potential -3000 Euros), directly aligning with the decision reason's rule. This alignment suggests that the individual used the decision reason to make their decision."
19,"(ja auch zu gewinnen, aber Vermeidung von Verlust priorisiere ich mehr als mögliche Gewinne).

Please follow the step-by-step instructions provided and give your FINAL ASSESSMENT in the requested format.assistant

STEPS: 

Step 1: Assess if the decision reason can be applied to the decision problem.
The decision reason considers the minimum outcome of each lottery and prefers the lottery with the more favorable minimum outcome. For Lottery A, the minimum outcome is 1000 Euros (with 100% probability). For Lottery B, the minimum outcome is -3000 Euros (with 50% probability). The information relevant to the decision reason can be derived from the lotteries' outcomes and probabilities. The relevant information is: 
- Minimum outcome of Lottery A: 1000 Euros
- Minimum outcome of Lottery B: -3000 Euros

Step 2: Assess the verbal report.
First, evaluate and summarize information considered by the individual: The individual considered the certain gain of 1000 Euros from Lottery A and the risk of losing a significant amount (three times the gain) from Lottery B, acknowledging the relatively high probability (>30%) of this loss.
Second, evaluate and summarize the individual’s justification for the choice: The individual prioritizes avoiding losses over potential gains, which led them to consider the certain gain of 1000 Euros as preferable due to the risk of a substantial loss in the other option.

Step 3: Assess whether the decision reason was used by the individual.
First, compare the information relevant to the decision reason with that considered by the individual: The individual considered the risk of a significant loss in Lottery B and the certainty of a gain in Lottery A, which aligns with considering the minimum outcomes of the lotteries.
Second, compare the decision reason’s rule to the individual’s justification for the choice: The decision reason prefers the lottery with the more favorable minimum outcome. The individual's justification for choosing Lottery A is based on avoiding a significant loss and preferring a certain gain, which aligns with preferring the lottery with the more favorable minimum outcome (1000 Euros for Lottery A vs. -3000 Euros for Lottery B).

FINAL ASSESSMENT: 100"
20,", wenn jedoch wie hier die Wahrscheinlichkeit so hoch (>30%) ist einen massiven Verlust von 6000€ zu erlangen, gehe ich doch lieber auf Nummer sicher.

Please follow the step-by-step instructions provided and give your FINAL ASSESSMENT in the requested format.assistant

STEPS: 
To assess whether the decision reason was used by the individual, we'll follow the steps outlined.

Step 1: Assess if the decision reason can be applied to the decision problem.
The decision reason considers the minimum outcome of each lottery and prefers the one with the more favorable minimum outcome. For Lottery A, the minimum outcome is 0 Euros (with 100% probability). For Lottery B, the minimum outcome is -6000 Euros (with 50% probability). The relevant information for the decision reason can be derived from the lotteries' outcomes and probabilities, which are the minimum outcomes of each lottery: 0 Euros for Lottery A and -6000 Euros for Lottery B.

Step 2: Assess the verbal report.
First, evaluate and summarize the information considered by the individual: The individual considered the high probability (>30%) of a massive loss of 6000 Euros in Lottery B and the certainty of 0 Euros in Lottery A.
Second, evaluate and summarize the individual’s justification for the choice: The individual decided to ""go safe"" due to the high probability of a significant loss in Lottery B, implying a preference for avoiding the potential large loss.

Step 3: Assess whether the decision reason was used by the individual.
First, compare the information relevant to the decision reason with that considered by the individual: The decision reason focuses on the minimum outcomes (-6000 Euros for Lottery B and 0 Euros for Lottery A), which aligns with the individual's concern about the potential large loss in Lottery B and the safety of Lottery A.
Second, compare the decision reason’s rule to the individual’s justification for the choice: The decision reason prefers the lottery with the more favorable minimum outcome, which is Lottery A (0 Euros). The individual's justification for choosing Lottery A is based on avoiding a significant loss, which indirectly points to preferring the lottery with the more favorable minimum outcome (0 Euros over -6000 Euros).

FINAL ASSESSMENT: 100 
The individual's focus on avoiding the significant loss and choosing the ""safe"" option directly aligns with the decision reason's rule of preferring the lottery with the more favorable minimum outcome. Therefore, it is certain that the decision reason was used by the individual to make the decision."
