problemID,response
1,"{
  ""step_1"": ""The decision reason evaluates the difference between the maximum and minimum outcomes of each lottery. For Lottery A: maximum outcome is 2500 Euros, minimum is 0 Euros, so the difference is 2500 - 0 = 2500 Euros. For Lottery B: maximum and minimum are both 2400 Euros, so the difference is 2400 - 2400 = 0 Euros. Therefore, the reason prefers Lottery A (with a larger difference of 2500) over Lottery B (with a difference of 0). The information relevant to the decision reason is clearly derivable from the lotteries' outcomes and probabilities."",
  ""step_2"": ""The individual considers the risk of getting 0 Euros in Lottery A with a 1% probability, describing it as 'ganz schön fies' (very unfair). They then calculate a potential gain of 100 Euros (2500 - 2400) with a 1/3 probability (i.e., 33% chance) in Lottery A, and conclude that this potential gain does not outweigh the 1% risk of getting nothing. The individual justifies their choice by stating they prefer the safe 2400 Euros from Lottery B because the potential gain is not worth the risk of getting nothing. No mention is made of the difference between the maximum and minimum outcomes or their comparison in the decision process."",
  ""step_3"": ""The information relevant to the decision reason (the difference between max and min outcomes) is not considered by the individual. Instead, the individual focuses on the risk of zero outcome and the potential gain of 100 Euros, evaluating the trade-off between risk and reward. The justification is based on risk aversion and expected value considerations, not on the range of outcomes. Therefore, the decision reason—preferring the lottery with the larger difference between max and min—is not used in the deliberation process. The individual did not apply the rule of comparing outcome ranges."",
    ""final_assessment_score"": 0
}"
2,"{
  ""step_1"": ""The decision reason evaluates the difference between the maximum and minimum outcomes of each lottery. For Lottery A: max = 2400, min = 0, so difference = 2400 - 0 = 2400 Euros. For Lottery B: max = 2500, min = 0, so difference = 2500 - 0 = 2500 Euros. Thus, Lottery B has a larger difference (2500 > 2400). According to the decision reason, the lottery with the larger difference between max and min outcomes should be preferred. Therefore, the reason would prefer Lottery B. The relevant information (differences) is clearly derivable from the lotteries' outcomes and probabilities. The decision reason is applicable to this problem."",
  ""step_2"": ""The individual's verbal report states: 'Der Gewinnunterschied lag nur bei 100 Euro.' This suggests the individual perceives the difference in outcomes as only 100 euros — which is incorrect, as the difference between max and min is 2500 for B and 2400 for A, both of which are 2500 and 2400 respectively. However, the individual does not refer to the difference between max and min outcomes. Instead, they compare the 1% increase in probability of winning 2400 vs. the 1% increase in probability of winning nothing. The individual justifies choosing the lottery with a slightly higher probability of winning a positive amount (34% vs. 33%) over the risk of getting nothing, emphasizing the preference for a small chance of a smaller gain over a larger chance of zero. This indicates a focus on probability weighting and risk aversion, not on the difference between max and min outcomes. Thus, the individual does not consider the difference between maximum and minimum outcomes as the basis of their decision."",
  ""step_3"": ""The information relevant to the decision reason (difference between max and min outcomes) is not considered by the individual. The individual focuses instead on the probability differences and the trade-off between a small gain and a certain zero outcome. The decision reason's rule — preferring the lottery with the larger difference between max and min outcomes — is not reflected in the justification provided. Therefore, the individual did not use the decision reason. The reported deliberation process is consistent with a different reasoning (e.g., risk preference or probability weighting), not the one specified in the decision reason."",
  ""final_assessment_score"": 0
}"
3,"{
  ""step_1"": ""The decision reason evaluates the difference between the maximum and minimum outcomes of each lottery. For Lottery A: maximum = 3000 Euros, minimum = 3000 Euros, so the difference is 0. For Lottery B: maximum = 4000 Euros, minimum = 0 Euros, so the difference is 4000 Euros. Therefore, the reason prefers Lottery B because it has a larger difference (4000) compared to Lottery A (0). Thus, the decision reason can be applied to the problem and clearly favors Lottery B."",
  ""step_2"": ""The individual in the verbal report states that Lottery B is no longer interesting because the 20% chance of getting 0 Euros is equated to a 20% chance of losing 3000 Euros, which they consider a significant risk. They conclude that they prefer the certain 3000 Euros in Option A over the risky Option B, even though it offers a higher potential gain. The individual's consideration focuses on the risk of losing money in B, specifically framing the 20% chance of 0 Euros as equivalent to losing 3000 Euros. The justification centers on risk aversion and the aversion to potential loss, not on the difference between the maximum and minimum outcomes of the lotteries."",
  ""step_3"": ""The decision reason is based on comparing the range (max – min) of outcomes: B has a range of 4000, A has a range of 0, so the reason would prefer B. However, the individual in the verbal report does not mention or consider the range of outcomes. Instead, they focus on the risk of losing 3000 Euros in B, which reflects a risk-averse evaluation based on potential loss, not on the difference between max and min. The justification is inconsistent with the decision reason. Therefore, the individual did not use the decision reason as specified."",
  ""final_assessment_score"": 0
}"
4,"{
  ""step_1"": ""The decision reason evaluates the difference between the maximum and minimum outcomes of each lottery. For Lottery A: max = 3000, min = 0, so difference = 3000 - 0 = 3000. For Lottery B: max = 4000, min = 0, so difference = 4000 - 0 = 4000. Thus, Lottery B has a larger difference (4000 > 3000). The reason prefers the lottery with the larger difference, so it would prefer Lottery B. The relevant information (differences in outcomes) is clearly derivable from the lotteries' structure and is well-defined."",
  ""step_2"": ""The individual considers two thoughts. First, both lotteries have no loss possibility (minimum outcome is 0 in both cases), which is noted as a positive feature. Second, the individual weighs the higher probability against the higher prize amount, concluding that the higher probability (25% vs. 20%) is more important, and thus chooses in favor of the higher probability option (Lottery A). The deliberation focuses on probability-weighted outcomes and does not mention the range of outcomes (i.e., the difference between max and min). The justification is based on probability, not on outcome spread or range differences."",
  ""step_3"": ""The information relevant to the decision reason (difference between max and min outcomes) is not considered by the individual. The individual’s reasoning is based solely on the probability of winning (favoring higher probability), not on the spread of outcomes. The decision reason’s rule—preferring the lottery with the larger difference between max and min—is not reflected in the reported justification. Therefore, the individual did not use the decision reason. The reasoning process is entirely different and does not engage with the outcome range at all."",
  ""final_assessment_score"": 0
}"
5,"{
  ""step_1"": ""The decision reason evaluates the difference between the maximum and minimum outcomes of each lottery. For Lottery A: max = 3000, min = 0, so difference = 3000 - 0 = 3000. For Lottery B: max = 6000, min = 0, so difference = 6000 - 0 = 6000. Therefore, the difference in Lottery B is larger than in Lottery A. According to the decision reason, the lottery with the larger difference between maximum and minimum outcomes should be preferred. Thus, the reason would prefer Lottery B over Lottery A. The information required by the reason (the range of outcomes) is clearly present in the lotteries and can be derived directly from the given outcomes and probabilities."",
  ""step_2"": ""The individual describes a deliberation process involving the comparison of the potential win differences. They note that the possible gain difference is significant, pointing to the large gap between 6000 and 0 in Lottery B. However, they emphasize that only 4.5% (45%) of the time does Lottery B yield 6000 Euros, while Lottery A offers 3000 Euros with 90% probability. The individual concludes that this leads them back to Option A, choosing the lower but more probable gain. The reported reasoning focuses on probability (90% vs. 45%) and the certainty of a smaller gain, not on the difference between the maximum and minimum outcomes. There is no mention of the range (difference between max and min) as a deciding factor. The justification centers on likelihood and risk, not on outcome spread."",
  ""step_3"": ""The information relevant to the decision reason (the difference between max and min outcomes) is present in the lotteries, but the individual does not consider or reference this difference in their reasoning. Instead, they focus on the probability of receiving a payout and the certainty of a smaller gain. The decision reason's rule — preferring the lottery with the larger difference between maximum and minimum outcomes — is not reflected in the individual’s justification. The individual explicitly chooses Option A based on higher probability, not on greater outcome spread. Therefore, the decision reason was not used in the deliberation process."",
  ""final_assessment_score"": 0
}"
6,"{
  ""step_1"": ""The decision reason evaluates the difference between the maximum and minimum outcomes of each lottery. For Lottery A: max = 3000, min = 0, so difference = 3000 - 0 = 3000. For Lottery B: max = 6000, min = 0, so difference = 6000 - 0 = 6000. Therefore, the difference is larger in Lottery B (6000) than in Lottery A (3000). According to the decision reason, the lottery with the larger difference (B) should be preferred. Thus, the decision reason is applicable and clearly defined based on the outcomes and probabilities provided in the lotteries."",
  ""step_2"": ""The individual's verbal report describes the deliberation process as follows: They note the comparison between a 0.2% chance of winning 3000 euros and a 0.1% chance of winning 6000 euros. The individual states they chose the option with the higher probability (0.2% vs. 0.1%) and a lower prize (3000 euros instead of 6000 euros), citing a preference for winning something rather than nothing. The justification is based on the probability of winning and the preference for a smaller but guaranteed non-zero gain over a very low probability of a larger gain. The individual does not mention or consider the difference between the maximum and minimum outcomes (i.e., the range of outcomes) in their reasoning. Instead, the focus is on the probability and the value of the prize, not the spread of outcomes."",
  ""step_3"": ""The information relevant to the decision reason (the difference between max and min outcomes) is not considered by the individual. The individual focuses solely on the probability of winning and the preference for a non-zero gain, not on the range of outcomes. The decision reason's rule — preferring the lottery with the larger difference between maximum and minimum outcomes — is not reflected in the justification. Therefore, the individual did not use the decision reason. The reasoning process is based on a different criterion (probability of winning and preference for non-zero outcomes), not on outcome range. Thus, the decision reason was not used."",
  ""final_assessment_score"": 0
}"
7,"{
  ""step_1"": ""The decision reason evaluates the difference between the maximum and minimum outcomes of each lottery. For Lottery A: the outcome is -3000 Euros with 100% probability, so the maximum is -3000 and the minimum is -3000. The difference is 0. For Lottery B: the outcomes are -4000 Euros with 80% probability and 0 Euros with 20% probability. The maximum is 0 and the minimum is -4000. The difference is 4000. Thus, the difference for B (4000) is much larger than for A (0). According to the decision reason, B should be preferred because it has the larger difference between maximum and minimum outcomes. The reason is applicable to the decision problem."",
  ""step_2"": ""The individual compares Lottery B to Lottery A and notes that in B, there is a choice between -4000 and +3000 Euros. They mention that the 20% chance of +3000 Euros is high enough for them to take the risk. This indicates that the individual is focusing on the possibility of a large positive outcome and the risk involved. The individual does not mention the range (difference between max and min) of outcomes, nor do they refer to the spread of outcomes in terms of variability or differences between extremes. Instead, their justification centers on the attractiveness of the 3000 Euro gain and the perceived acceptability of the risk. The deliberation process is based on the potential gain and risk tolerance, not on the difference between maximum and minimum outcomes."",
  ""step_3"": ""The information relevant to the decision reason — the difference between maximum and minimum outcomes — is not considered by the individual. The individual focuses on the presence of a positive outcome (+3000) and its probability (20%), not on the range of outcomes (which is 4000 for B vs. 0 for A). The justification is based on risk preference and the appeal of a large gain, not on the spread of outcomes. Therefore, the individual did not apply the decision reason. The reason was not used in the deliberation process."",
  ""final_assessment_score"": 0
}"
8,"{
  ""step_1"": ""The decision reason evaluates the difference between the maximum and minimum outcomes of each lottery. For Lottery A: the outcomes are -4000 and 0, so the difference is 0 - (-4000) = 4000 Euros. For Lottery B: the outcomes are -3000 and 0, so the difference is 0 - (-3000) = 3000 Euros. Therefore, Lottery A has a larger difference (4000) compared to Lottery B (3000). The reason prefers the lottery with the larger difference, which would be Lottery A. The relevant information (the outcome differences) is clearly derivable from the lotteries' structure and is well-defined."",
  ""step_2"": ""The individual's verbal report discusses the probability difference between the lotteries: they mention that the 20% probability in A was too high, and that they would have taken the 5% probability difference into account. They note that if the probability difference had been larger, they might have made a different decision. However, the report does not mention the difference between the maximum and minimum monetary outcomes (i.e., the range of outcomes). Instead, the focus is on the probability differences (20% vs. 25%) and the perceived risk of a larger loss (1000 Euros more in worst case). The individual does not refer to the range of outcomes (e.g., from -4000 to 0 vs. -3000 to 0) or compare the spread of outcomes. The justification centers on probability thresholds and risk perception, not on outcome range differences."",
  ""step_3"": ""The decision reason relies on comparing the monetary range (difference between max and min outcomes), which is not mentioned or considered in the verbal report. The individual focuses on probability differences and risk perception, not on the spread of possible monetary outcomes. Therefore, the individual did not apply the decision reason. The information considered by the individual (probability differences and perceived risk) is distinct from the required information (outcome differences). The justification does not reflect the rule of preferring the lottery with the larger difference in outcomes. Thus, the decision reason was not used."",
  ""final_assessment_score"": 0
}"
9,"{
  ""step_1"": ""The decision reason evaluates the difference between the maximum and minimum outcomes of each lottery. For Lottery A: maximum outcome is 0 Euros, minimum is -6000 Euros, so the difference is 6000 Euros. For Lottery B: maximum outcome is 0 Euros, minimum is -3000 Euros, so the difference is 3000 Euros. Therefore, the reason prefers Lottery A because it has a larger difference (6000 > 3000). The relevant information for the decision reason is clearly derivable from the lotteries' outcomes and probabilities."",
  ""step_2"": ""The individual notes that the 'strong difference between the sums' was first noticeable. They mention that a 90% chance of losing 3000 Euros is high, and that a 'quasi 50:50 decision' about making 3000 more euros in debt was too probable to accept. This suggests the individual is concerned about the risk of loss and the probability of large losses. However, the individual does not explicitly refer to the difference between the maximum and minimum outcomes (i.e., the range of outcomes). Instead, they focus on the probability of losing money and the perceived risk of a 50:50 chance of additional debt. The justification centers on probability of loss and risk perception, not on the range of outcomes. Thus, the considered information is about risk and probability, not the outcome spread."",
  ""step_3"": ""The decision reason relies on comparing the range (max - min) of outcomes: Lottery A has a range of 6000, Lottery B has 3000, so A is preferred. However, in the verbal report, the individual does not mention the range of outcomes or the difference between max and min. Instead, they focus on the probability of loss (90% vs. 55%) and the perceived risk of a 50:50 chance of additional debt. This indicates that the individual used a different reasoning process — one based on probability of loss and risk aversion — rather than the range of outcomes. Therefore, the decision reason was not used. The comparison of information and justification shows a mismatch: no reference to outcome range, and justification is based on probability of loss, not outcome spread."",
  ""final_assessment_score"": 0
}"
10,"{
  ""step_1"": ""The decision reason evaluates the difference between the maximum and minimum outcomes of each lottery. In both Lotteries A and B, the outcomes are -6000 and 0 Euros (for A), and -3000 and 0 Euros (for B). The minimum outcome is always 0, and the maximum outcome is the negative value (i.e., the loss). Therefore, the difference between maximum and minimum is: for A, |0 - (-6000)| = 6000; for B, |0 - (-3000)| = 3000. Thus, the difference is larger in Lottery A (6000) than in Lottery B (3000). According to the decision reason, the lottery with the larger difference (A) should be preferred. The relevant information for the decision reason is therefore available and clearly derivable from the lotteries' outcomes and probabilities."",
  ""step_2"": ""The individual's verbal report states: 'Da die Wahrscheinlichkeit hier wieder doppelt so hoch für die -3000 Euro ist, habe ich diesmal es gewagt den höheren verlust in Kauf zu nehmen, allerdings ist die Chance das ich den hohen Verlust erhalt nur halb so hoch wie die Wahrscheinlichkeit, dass ich die -3000 Euro bekomme.' This translates to: 'Since the probability of getting -3000 euros is again double, I dared to take the higher loss, however, the chance of receiving the high loss is only half as high as the probability of getting -3000 euros.' The individual acknowledges the higher probability of getting -3000 euros (0.2% vs. 0.1%) and explicitly considers the risk of the higher loss (-6000 euros) as being less likely (0.1% vs. 0.2%). The individual justifies the decision by focusing on the relative probabilities and the risk of the larger loss, not on the difference between the maximum and minimum outcomes. There is no mention of comparing the range (difference between outcomes) or any reference to the spread of outcomes in the decision process."",
  ""step_3"": ""The information relevant to the decision reason — the difference between the maximum and minimum outcomes — is not considered by the individual. The individual focuses solely on the probabilities of the outcomes and the relative risk of the larger loss, not on the range of outcomes. The decision reason's rule (prefer the lottery with the larger difference between max and min outcomes) is not reflected in the justification. Instead, the individual's reasoning is based on probability weighting and risk tolerance, not on outcome spread. Therefore, the decision reason was not used in the deliberation process."",
  ""final_assessment_score"": 0
}"
11,"{
  ""step_1"": ""The decision reason evaluates the difference between the maximum and minimum outcomes of each lottery. For Lottery A: maximum = 1000 Euros, minimum = 0 Euros, so the difference is 1000 - 0 = 1000 Euros. For Lottery B: maximum = 500 Euros, minimum = 500 Euros, so the difference is 500 - 500 = 0 Euros. The reason prefers the lottery with the larger difference, which is Lottery A (1000 Euros difference) over Lottery B (0 Euros difference). Thus, the decision reason can be applied and clearly favors Lottery A."",
  ""step_2"": ""The individual mentions that they have the same justification as in the previous task and adds that there was no loss possibility here, which further pushed them toward choosing A. The individual emphasizes the absence of a loss possibility (i.e., no zero or negative outcome) as a reason for preferring A. However, the verbal report does not mention the difference between the maximum and minimum outcomes of the lotteries, nor does it reference the range (difference) as a criterion. Instead, the justification centers on the absence of a loss (i.e., the safety of getting at least 0), which is related to risk aversion or certainty, not the range of outcomes. Thus, the individual's reasoning focuses on the absence of a loss, not on comparing the range of outcomes between the lotteries."",
  ""step_3"": ""The information relevant to the decision reason — the difference between max and min outcomes — is not mentioned in the verbal report. The individual does not reference the range of outcomes (e.g., 1000 vs. 0 for A, 500 vs. 500 for B). Instead, the justification centers on the absence of a loss, which is a different consideration. The decision reason’s rule (preferring the lottery with the larger difference between max and min) is not reflected in the reported deliberation. Therefore, the individual did not use the specified decision reason to make the decision."",
  ""final_assessment_score"": 0
}"
12,"{
  ""step_1"": ""The decision reason evaluates the difference between the maximum and minimum outcomes of each lottery. For Lottery A: the outcomes are -1000 and 0 Euros, so the difference is 0 - (-1000) = 1000 Euros. For Lottery B: the outcome is -500 Euros with 100% probability, so both maximum and minimum are -500, resulting in a difference of 0. Therefore, the reason prefers Lottery A because it has a larger difference (1000) compared to Lottery B (0). The information required by the decision reason is present and can be derived from the lotteries' outcomes and probabilities."",
  ""step_2"": ""The individual describes being 'a bit risk-seeking' and views the 50:50 risk of +500 or -500 Euros as 'acceptable' compared to Option B. However, the report notes that this was a 'spontaneous emotional decision' and does not mention any calculation or evaluation of the difference between the maximum and minimum outcomes. The individual does not reference the range of outcomes (difference between min and max) in their reasoning. Instead, they refer to emotional acceptance of risk and a comparison between a risky option and a certain loss. Thus, the considered information is centered on risk perception and emotional response, not on outcome ranges."",
  ""step_3"": ""The information relevant to the decision reason (the difference between max and min outcomes) is not considered by the individual. The individual focuses on emotional risk tolerance and the acceptability of a 50:50 risk, not on the range of outcomes. The decision reason's rule — preferring the lottery with the larger difference between max and min — is not reflected in the justification provided. Therefore, the individual did not use the decision reason in their deliberation process."",
  ""final_assessment_score"": 0
}"
13,"{
  ""step_1"": ""The decision reason evaluates the difference between the maximum and minimum outcomes of each lottery. For Lottery A: maximum = 6000, minimum = 0, so difference = 6000 - 0 = 6000. For Lottery B: maximum = 4000, minimum = 0, so difference = 4000 - 0 = 4000. Therefore, the difference is larger in Lottery A (6000) than in Lottery B (4000). According to the decision reason, the lottery with the larger difference between maximum and minimum outcomes should be preferred. Thus, the reason would prefer Lottery A over Lottery B. The relevant information (differences in outcomes) is clearly derivable from the lotteries' outcomes and probabilities."",
  ""step_2"": ""The individual describes the deliberation process as follows: they note that the total probability of winning something in Option B is 50% (25% + 25%) compared to 25% in Option A. They state that they prefer the higher overall probability of winning something, even if it means less expected value. This indicates that the individual focused on the total probability of obtaining a positive outcome (i.e., winning at least some money), not on the range of outcomes. The justification is based on the probability of winning something, not on the difference between the maximum and minimum outcomes. Thus, the individual did not consider the range (max - min) of outcomes in their reasoning."",
  ""step_3"": ""The information relevant to the decision reason — the difference between maximum and minimum outcomes — was not considered by the individual. Instead, the individual focused on the total probability of winning something (50% vs. 25%). The decision reason's rule (prefer the lottery with the larger difference between max and min outcomes) is not reflected in the justification provided. Therefore, the individual did not use the decision reason. The reasoning process is based on a different criterion (probability of winning), not the outcome range. Hence, the decision reason was not used."",
  ""final_assessment_score"": 0
}"
14,"{
  ""step_1"": ""The decision reason evaluates the difference between the maximum and minimum outcomes of each lottery. For Lottery A: the outcomes are -4000, -2000, and 0 Euros. The maximum is 0, the minimum is -4000, so the difference is 0 - (-4000) = 4000 Euros. For Lottery B: the outcomes are -6000 and 0 Euros. The maximum is 0, the minimum is -6000, so the difference is 0 - (-6000) = 6000 Euros. Thus, the decision reason would prefer Lottery B because it has a larger difference (6000 > 4000). The relevant information for the reason is therefore available and clearly derivable from the lotteries' outcomes and probabilities."",
  ""step_2"": ""The individual first considers the absolute amount of money (or debt): comparing -4000 vs. -6000 in A and B, noting that they prefer less debt, i.e., less negative value. Then, they consider probabilities: they note that A has a 50% chance of losing money (vs. B's 25%), and thus B is better in terms of probability of losing money. However, they ultimately decide in favor of A due to the 75% chance of either getting 0 or losing 2000 Euros in A, which they perceive as a more favorable risk profile. The individual's justification focuses on the magnitude of debt and the probability of loss, but does not mention or reference the difference between the maximum and minimum outcomes of the lotteries. The reasoning centers on expected loss and probability of losing money, not on range of outcomes."",
  ""step_3"": ""The information relevant to the decision reason — the difference between max and min outcomes — is not considered by the individual. The individual does not mention the range of outcomes (e.g., from -4000 to 0 in A, or -6000 to 0 in B). Instead, the deliberation focuses on the magnitude of losses and the probability of being in a negative state. The decision reason's rule (prefer the lottery with the larger difference between max and min) is not applied or referenced in the justification. Therefore, the individual did not use the decision reason to make the decision."",
  ""final_assessment_score"": 0
}"
15,"{
  ""step_1"": ""The decision reason evaluates the difference between the maximum and minimum outcomes of each lottery. For Lottery A: maximum = 5000 Euros, minimum = 0 Euros, so the difference is 5000 - 0 = 5000 Euros. For Lottery B: maximum = 5 Euros, minimum = 5 Euros, so the difference is 5 - 5 = 0 Euros. Therefore, the difference for A is much larger than for B. The reason clearly prefers A because it has the larger difference between maximum and minimum outcomes. This information is fully derivable from the lotteries' outcomes and probabilities, so the decision reason is applicable to the problem."",
  ""step_2"": ""The individual mentions that Option A had no risk of loss, which is a positive aspect. They note that the 0.1% chance of winning 5000 Euros was sufficient to make them choose A. They compare the safe 5 Euro gain in Option B to the potentially large gain in Option A and state that the safe gain in B was too small. The individual's justification centers on the absence of loss risk and the attractiveness of a rare large win, rather than on the difference between maximum and minimum outcomes. There is no explicit reference to calculating or comparing the range (difference between max and min) of outcomes. The deliberation focuses on risk aversion and the perceived value of a large potential gain versus a small certain gain, not on the spread of outcomes."",
  ""step_3"": ""The information relevant to the decision reason — the difference between maximum and minimum outcomes — is not explicitly considered or mentioned in the verbal report. The individual does not compute or refer to the range of outcomes (5000 vs. 0 for A, 5 vs. 5 for B). Instead, the justification is based on the absence of loss risk and the appeal of a large, rare win, which reflects a different decision reason (e.g., risk aversion or preference for non-zero outcomes). The rule of the decision reason (preferring the lottery with the larger difference between max and min) is not applied or described in the report. Therefore, the individual did not use this specific reason in their deliberation process."",
  ""final_assessment_score"": 0
}"
16,"{
  ""step_1"": ""The decision reason evaluates the difference between the maximum and minimum outcomes of each lottery. For Lottery A: the maximum outcome is 0 Euros, the minimum is -5000 Euros, so the difference is 5000 Euros. For Lottery B: the maximum and minimum are both -5 Euros, so the difference is 0 Euros. Therefore, the decision reason prefers Lottery A (with a difference of 5000) over Lottery B (with a difference of 0). Thus, the reason can be applied to the decision problem and clearly favors A over B."",
  ""step_2"": ""The individual chose Lottery B. In the verbal report, the individual justifies the choice by emphasizing that the loss in B is much smaller (only -5 Euros) compared to the potential large loss in A (-5000 Euros). The individual notes that although the probability of losing 5000 Euros in A is very low (0.1%), they still prefer avoiding a large loss. The justification centers on the magnitude of the loss and the risk of a large financial burden, not on the difference between maximum and minimum outcomes. The individual does not mention or consider the range (difference between max and min) of the lotteries at all."",
  ""step_3"": ""The information relevant to the decision reason — the difference between max and min outcomes — is not considered by the individual. The individual focuses solely on the size of the loss and the risk of a large debt, which reflects a different decision rationale (e.g., risk aversion or preference for small losses). The decision reason's rule (prefers the lottery with the larger difference between max and min) is not applied, as the individual neither computes nor references the range of outcomes. Therefore, the decision reason was not used in the deliberation process."",
  ""final_assessment_score"": 0
}"
17,"{
  ""step_1"": ""The decision reason evaluates the difference between the maximum and minimum outcomes of each lottery. For Lottery A: max = 3000, min = -3000, so the difference is 3000 - (-3000) = 6000. For Lottery B: max = 1500, min = 1500, so the difference is 1500 - 1500 = 0. Therefore, the difference for A is 6000 and for B is 0. According to the decision reason, A has a larger difference and should be preferred. The relevant information for the reason is clearly present and derivable from the lotteries' outcomes and probabilities."",
  ""step_2"": ""The individual mentions that the winning difference was significant, but emphasizes that a 50% chance of losing 3000 euros was too high to accept in exchange for 1500 euros more. This indicates the individual was concerned about the risk of a large loss, specifically the -3000 euro outcome with 50% probability. The individual does not mention or reference the difference between the maximum and minimum outcomes as a criterion for decision-making. Instead, the justification centers on risk aversion—specifically, the discomfort with a 50% chance of losing 3000 euros. The deliberation process focuses on the magnitude of the potential loss and personal tolerance for risk, not on comparing the range of outcomes (max - min)."",
  ""step_3"": ""The information relevant to the decision reason (the difference between max and min outcomes) is present in the lotteries, but the individual does not reference or use this difference in their justification. Instead, the individual's reasoning is based on risk aversion and the emotional weight of a large loss, not on the range of outcomes. The decision reason's rule—preferring the lottery with the larger difference between max and min—is not reflected in the justification. Therefore, the individual did not use the decision reason to make the decision."",
  ""final_assessment_score"": 0
}"
18,"{
  ""step_1"": ""The decision reason evaluates the difference between the maximum and minimum outcomes of each lottery. For Lottery A: maximum is 3000 Euros, minimum is -3000 Euros, so the difference is 3000 - (-3000) = 6000 Euros. For Lottery B: maximum and minimum are both 2000 Euros, so the difference is 2000 - 2000 = 0 Euros. Therefore, the decision reason prefers Lottery A because it has a larger difference (6000 vs. 0). The reason is clearly applicable to the decision problem and can be computed from the given outcomes and probabilities."",
  ""step_2"": ""The individual expresses that a guaranteed 2000 Euro win is not in proportion to a 50:50 chance of gaining 1000 Euros or facing 3000 Euros in debt. The individual finds the gain-variation too small to justify taking the risk. They also state that 2000 Euros is a lot of money, implying a preference for certainty and a dislike of risk. However, the individual does not mention or evaluate the difference between the maximum and minimum outcomes of the lotteries. Instead, the reasoning centers on risk aversion, certainty, and the magnitude of the guaranteed amount, not on the range of outcomes. Thus, the considered information is about risk and certainty, not the difference between max and min outcomes."",
  ""step_3"": ""The information relevant to the decision reason — the difference between max and min outcomes — is not considered by the individual. The individual focuses on risk and the value of a guaranteed amount, not on the spread of possible outcomes. The decision reason's rule (preferring the lottery with the larger difference between max and min) is not reflected in the justification provided. Therefore, the individual did not use the decision reason. The reasoning is consistent with risk aversion, not with evaluating outcome ranges. Hence, the decision reason was not used."",
  ""final_assessment_score"": 0
}"
19,"{
  ""step_1"": ""The decision reason evaluates the difference between the maximum and minimum outcomes of each lottery. For Lottery A: maximum = 1000 Euros, minimum = 1000 Euros, so the difference is 0. For Lottery B: maximum = 3000 Euros, minimum = -3000 Euros, so the difference is 6000 Euros. Therefore, the reason prefers Lottery B because it has a larger difference (6000) compared to Lottery A (0). The relevant information for the decision reason is clearly derivable from the lotteries' outcomes and probabilities."",
  ""step_2"": ""The individual expresses concern about the high risk of losing 3000 Euros in Lottery B, noting that the win/loss dependence on a coin flip is unsettling. They also state that 1000 Euros are still a lot of money, implying a preference for the certainty of A over the risk of B. The individual does not mention or evaluate the difference between the maximum and minimum outcomes of the lotteries. Instead, their justification centers on risk aversion, certainty, and the perceived value of 1000 Euros. There is no reference to the range of outcomes or the difference between max and min values in their reasoning."",
  ""step_3"": ""The information relevant to the decision reason (the difference between max and min outcomes) is not considered by the individual. The individual focuses on risk and certainty, not on the spread of outcomes. The decision reason's rule—preferring the lottery with the larger difference between max and min—is not reflected in the justification provided. Therefore, the individual did not use the decision reason to make the decision."",
  ""final_assessment_score"": 0
}"
20,"{
  ""step_1"": ""The decision reason evaluates the difference between the maximum and minimum outcomes of each lottery. For Lottery A: the maximum outcome is 0 Euros and the minimum is 0 Euros, so the difference is 0. For Lottery B: the maximum outcome is 6000 Euros and the minimum is -6000 Euros, so the difference is 12,000 Euros. The decision reason prefers the lottery with the larger difference (B), which has a difference of 12,000 Euros. Thus, the reason can be applied to the decision problem and clearly identifies Lottery B as preferred based on the outcome spread."",
  ""step_2"": ""The individual describes a 50:50 chance as the balancing problem and states that due to the high sum of 6000 Euros involved in the chance, they chose Option A (which guarantees 0 Euros) rather than taking a risk. The individual emphasizes avoiding loss and choosing a safe option with no gain or loss. The deliberation process focuses on risk avoidance and the appeal of a guaranteed outcome, not on comparing the range of outcomes (difference between max and min). The justification is based on risk aversion and the desire to avoid loss, not on the spread of possible outcomes."",
  ""step_3"": ""The information relevant to the decision reason — the difference between maximum and minimum outcomes — is not considered by the individual. Instead, the individual focuses on risk avoidance and the appeal of a guaranteed zero outcome. The decision reason's rule (preferring the lottery with the larger difference between max and min) would have led to preferring Lottery B, which has a difference of 12,000 Euros. However, the individual chose Lottery A, and their justification is based on avoiding risk and loss, not on the outcome spread. Therefore, the decision reason was not used in the deliberation process. The individual did not reference or apply the difference between outcomes as a basis for their choice."",
  ""final_assessment_score"": 0
}"
